Class,AntiSingleton_NotClassGlobalVariable,Blob_ControllerClass,Blob_DataClass,Blob_LargeClass,Blob_LowCohesion,ClassDataShouldBePrivate_FieldPublic,ComplexClass_ComplexClassOnly,ComplexClass_LargeClassOnly,LazyClass_FewMethods,LazyClass_NotComplexClass,LongMethod_LongMethodClass,LongParameterList_LongParameterListClass,MessageChains_MessageChainsClass,RefusedParentBequest_ParentClassProvidesProtected,RefusedParentBequest_RareOverriding,SpeculativeGenerality_AbstractClass,SpeculativeGenerality_OneChildClass,SwissArmyKnife_MultipleInterface
java.beans.PropertyChangeEvent,0,0,0,0,0,0,0,0,0,0,0,0,0,0,0,0,0,0
java.beans.PropertyChangeListener,0,0,0,0,0,0,0,0,0,0,0,0,0,0,0,0,0,0
java.io.BufferedInputStream,0,0,0,0,0,0,0,0,0,0,0,0,0,0,0,0,0,0
java.io.BufferedOutputStream,0,0,0,0,0,0,0,0,0,0,0,0,0,0,0,0,0,0
java.io.BufferedReader,0,0,0,0,0,0,0,0,0,0,0,0,0,0,0,0,0,0
java.io.BufferedWriter,0,0,0,0,0,0,0,0,0,0,0,0,0,0,0,0,0,0
java.io.ByteArrayInputStream,0,0,0,0,0,0,0,0,0,0,0,0,0,0,0,0,0,0
java.io.ByteArrayOutputStream,0,0,0,0,0,0,0,0,0,0,0,0,0,0,0,0,0,0
java.io.Closeable,0,0,0,0,0,0,0,0,0,0,0,0,0,0,0,0,0,0
java.io.DataInputStream,0,0,0,0,0,0,0,0,0,0,0,0,0,0,0,0,0,0
java.io.DataOutputStream,0,0,0,0,0,0,0,0,0,0,0,0,0,0,0,0,0,0
java.io.File,0,0,0,0,0,0,0,0,0,0,0,0,0,0,0,0,0,0
java.io.FileInputStream,0,0,0,0,0,0,0,0,0,0,0,0,0,0,0,0,0,0
java.io.FileNotFoundException,0,0,0,0,0,0,0,0,0,0,0,0,0,0,0,0,0,0
java.io.FileOutputStream,0,0,0,0,0,0,0,0,0,0,0,0,0,0,0,0,0,0
java.io.FileReader,0,0,0,0,0,0,0,0,0,0,0,0,0,0,0,0,0,0
java.io.FileWriter,0,0,0,0,0,0,0,0,0,0,0,0,0,0,0,0,0,0
java.io.FilterInputStream,0,0,0,0,0,0,0,0,0,0,0,0,0,0,0,0,0,0
java.io.FilterOutputStream,0,0,0,0,0,0,0,0,0,0,0,0,0,0,0,0,0,0
java.io.IOException,0,0,0,0,0,0,0,0,0,0,0,0,0,0,0,0,0,0
java.io.InputStream,0,0,0,0,0,0,0,0,0,0,0,0,0,0,0,0,0,0
java.io.InputStreamReader,0,0,0,0,0,0,0,0,0,0,0,0,0,0,0,0,0,0
java.io.InterruptedIOException,0,0,0,0,0,0,0,0,0,0,0,0,0,0,0,0,0,0
java.io.ObjectInputStream,0,0,0,0,0,0,0,0,0,0,0,0,0,0,0,0,0,0
java.io.ObjectOutputStream,0,0,0,0,0,0,0,0,0,0,0,0,0,0,0,0,0,0
java.io.OutputStream,0,0,0,0,0,0,0,0,0,0,0,0,0,0,0,0,0,0
java.io.OutputStreamWriter,0,0,0,0,0,0,0,0,0,0,0,0,0,0,0,0,0,0
java.io.PrintStream,0,0,0,0,0,0,0,0,0,0,0,0,0,0,0,0,0,0
java.io.PrintWriter,0,0,0,0,0,0,0,0,0,0,0,0,0,0,0,0,0,0
java.io.Reader,0,0,0,0,0,0,0,0,0,0,0,0,0,0,0,0,0,0
java.io.Serializable,0,0,0,0,0,0,0,0,0,0,0,0,0,0,0,0,0,0
java.io.StringReader,0,0,0,0,0,0,0,0,0,0,0,0,0,0,0,0,0,0
java.io.StringWriter,0,0,0,0,0,0,0,0,0,0,0,0,0,0,0,0,0,0
java.io.Writer,0,0,0,0,0,0,0,0,0,0,0,0,0,0,0,0,0,0
java.lang.ArithmeticException,0,0,0,0,0,0,0,0,0,0,0,0,0,0,0,0,0,0
java.lang.AssertionError,0,0,0,0,0,0,0,0,0,0,0,0,0,0,0,0,0,0
java.lang.Boolean,0,0,0,0,0,0,0,0,0,0,0,0,0,0,0,0,0,0
java.lang.Byte,0,0,0,0,0,0,0,0,0,0,0,0,0,0,0,0,0,0
java.lang.CharSequence,0,0,0,0,0,0,0,0,0,0,0,0,0,0,0,0,0,0
java.lang.Character,0,0,0,0,0,0,0,0,0,0,0,0,0,0,0,0,0,0
java.lang.Class,0,0,0,0,0,0,0,0,0,0,0,0,0,0,0,0,0,0
java.lang.ClassCastException,0,0,0,0,0,0,0,0,0,0,0,0,0,0,0,0,0,0
java.lang.ClassLoader,0,0,0,0,0,0,0,0,0,0,0,0,0,0,0,0,0,0
java.lang.Cloneable,0,0,0,0,0,0,0,0,0,0,0,0,0,0,0,0,0,0
java.lang.Comparable,0,0,0,0,0,0,0,0,0,0,0,0,0,0,0,0,0,0
java.lang.Double,0,0,0,0,0,0,0,0,0,0,0,0,0,0,0,0,0,0
java.lang.Enum,0,0,0,0,0,0,0,0,0,0,0,0,0,0,0,0,0,0
java.lang.Error,0,0,0,0,0,0,0,0,0,0,0,0,0,0,0,0,0,0
java.lang.Exception,0,0,0,0,0,0,0,0,0,0,0,0,0,0,0,0,0,0
java.lang.Float,0,0,0,0,0,0,0,0,0,0,0,0,0,0,0,0,0,0
java.lang.IllegalArgumentException,0,0,0,0,0,0,0,0,0,0,0,0,0,0,0,0,0,0
java.lang.IllegalStateException,0,0,0,0,0,0,0,0,0,0,0,0,0,0,0,0,0,0
java.lang.IllegalThreadStateException,0,0,0,0,0,0,0,0,0,0,0,0,0,0,0,0,0,0
java.lang.IndexOutOfBoundsException,0,0,0,0,0,0,0,0,0,0,0,0,0,0,0,0,0,0
java.lang.Integer,0,0,0,0,0,0,0,0,0,0,0,0,0,0,0,0,0,0
java.lang.InternalError,0,0,0,0,0,0,0,0,0,0,0,0,0,0,0,0,0,0
java.lang.Iterable,0,0,0,0,0,0,0,0,0,0,0,0,0,0,0,0,0,0
java.lang.Long,0,0,0,0,0,0,0,0,0,0,0,0,0,0,0,0,0,0
java.lang.Math,0,0,0,0,0,0,0,0,0,0,0,0,0,0,0,0,0,0
java.lang.NoClassDefFoundError,0,0,0,0,0,0,0,0,0,0,0,0,0,0,0,0,0,0
java.lang.NoSuchMethodException,0,0,0,0,0,0,0,0,0,0,0,0,0,0,0,0,0,0
java.lang.NullPointerException,0,0,0,0,0,0,0,0,0,0,0,0,0,0,0,0,0,0
java.lang.Number,0,0,0,0,0,0,0,0,0,0,0,0,0,0,0,0,0,0
java.lang.NumberFormatException,0,0,0,0,0,0,0,0,0,0,0,0,0,0,0,0,0,0
java.lang.Object,0,0,0,0,0,0,0,0,0,0,0,0,0,0,0,0,0,0
java.lang.Runnable,0,0,0,0,0,0,0,0,0,0,0,0,0,0,0,0,0,0
java.lang.RuntimeException,0,0,0,0,0,0,0,0,0,0,0,0,0,0,0,0,0,0
java.lang.SecurityException,0,0,0,0,0,0,0,0,0,0,0,0,0,0,0,0,0,0
java.lang.Short,0,0,0,0,0,0,0,0,0,0,0,0,0,0,0,0,0,0
java.lang.StackTraceElement,0,0,0,0,0,0,0,0,0,0,0,0,0,0,0,0,0,0
java.lang.String,0,0,0,0,0,0,0,0,0,0,0,0,0,0,0,0,0,0
java.lang.StringBuffer,0,0,0,0,0,0,0,0,0,0,0,0,0,0,0,0,0,0
java.lang.StringBuilder,0,0,0,0,0,0,0,0,0,0,0,0,0,0,0,0,0,0
java.lang.StringIndexOutOfBoundsException,0,0,0,0,0,0,0,0,0,0,0,0,0,0,0,0,0,0
java.lang.System,0,0,0,0,0,0,0,0,0,0,0,0,0,0,0,0,0,0
java.lang.Thread,0,0,0,0,0,0,0,0,0,0,0,0,0,0,0,0,0,0
java.lang.ThreadLocal,0,0,0,0,0,0,0,0,0,0,0,0,0,0,0,0,0,0
java.lang.Throwable,0,0,0,0,0,0,0,0,0,0,0,0,0,0,0,0,0,0
java.lang.UnsupportedOperationException,0,0,0,0,0,0,0,0,0,0,0,0,0,0,0,0,0,0
java.lang.Void,0,0,0,0,0,0,0,0,0,0,0,0,0,0,0,0,0,0
java.lang.ref.Reference,0,0,0,0,0,0,0,0,0,0,0,0,0,0,0,0,0,0
java.lang.ref.ReferenceQueue,0,0,0,0,0,0,0,0,0,0,0,0,0,0,0,0,0,0
java.lang.ref.WeakReference,0,0,0,0,0,0,0,0,0,0,0,0,0,0,0,0,0,0
java.lang.reflect.AccessibleObject,0,0,0,0,0,0,0,0,0,0,0,0,0,0,0,0,0,0
java.lang.reflect.Array,0,0,0,0,0,0,0,0,0,0,0,0,0,0,0,0,0,0
java.lang.reflect.Constructor,0,0,0,0,0,0,0,0,0,0,0,0,0,0,0,0,0,0
java.lang.reflect.Field,0,0,0,0,0,0,0,0,0,0,0,0,0,0,0,0,0,0
java.lang.reflect.InvocationTargetException,0,0,0,0,0,0,0,0,0,0,0,0,0,0,0,0,0,0
java.lang.reflect.Method,0,0,0,0,0,0,0,0,0,0,0,0,0,0,0,0,0,0
java.lang.reflect.Modifier,0,0,0,0,0,0,0,0,0,0,0,0,0,0,0,0,0,0
java.math.BigDecimal,0,0,0,0,0,0,0,0,0,0,0,0,0,0,0,0,0,0
java.math.BigInteger,0,0,0,0,0,0,0,0,0,0,0,0,0,0,0,0,0,0
java.net.HttpURLConnection,0,0,0,0,0,0,0,0,0,0,0,0,0,0,0,0,0,0
java.net.InetAddress,0,0,0,0,0,0,0,0,0,0,0,0,0,0,0,0,0,0
java.net.InetSocketAddress,0,0,0,0,0,0,0,0,0,0,0,0,0,0,0,0,0,0
java.net.MalformedURLException,0,0,0,0,0,0,0,0,0,0,0,0,0,0,0,0,0,0
java.net.NoRouteToHostException,0,0,0,0,0,0,0,0,0,0,0,0,0,0,0,0,0,0
java.net.Proxy,0,0,0,0,0,0,0,0,0,0,0,0,0,0,0,0,0,0
java.net.Proxy.Type,0,0,0,0,0,0,0,0,0,0,0,0,0,0,0,0,0,0
java.net.Socket,0,0,0,0,0,0,0,0,0,0,0,0,0,0,0,0,0,0
java.net.SocketAddress,0,0,0,0,0,0,0,0,0,0,0,0,0,0,0,0,0,0
java.net.URI,0,0,0,0,0,0,0,0,0,0,0,0,0,0,0,0,0,0
java.net.URL,0,0,0,0,0,0,0,0,0,0,0,0,0,0,0,0,0,0
java.net.URLDecoder,0,0,0,0,0,0,0,0,0,0,0,0,0,0,0,0,0,0
java.net.URLEncoder,0,0,0,0,0,0,0,0,0,0,0,0,0,0,0,0,0,0
java.net.UnknownHostException,0,0,0,0,0,0,0,0,0,0,0,0,0,0,0,0,0,0
java.nio.channels.FileChannel,0,0,0,0,0,0,0,0,0,0,0,0,0,0,0,0,0,0
java.nio.channels.FileLock,0,0,0,0,0,0,0,0,0,0,0,0,0,0,0,0,0,0
java.nio.charset.Charset,0,0,0,0,0,0,0,0,0,0,0,0,0,0,0,0,0,0
java.security.AccessController,0,0,0,0,0,0,0,0,0,0,0,0,0,0,0,0,0,0
java.security.Key,0,0,0,0,0,0,0,0,0,0,0,0,0,0,0,0,0,0
java.security.KeyStore,0,0,0,0,0,0,0,0,0,0,0,0,0,0,0,0,0,0
java.security.MessageDigest,0,0,0,0,0,0,0,0,0,0,0,0,0,0,0,0,0,0
java.security.Permission,0,0,0,0,0,0,0,0,0,0,0,0,0,0,0,0,0,0
java.security.Provider,0,0,0,0,0,0,0,0,0,0,0,0,0,0,0,0,0,0
java.security.Security,0,0,0,0,0,0,0,0,0,0,0,0,0,0,0,0,0,0
java.security.cert.X509Certificate,0,0,0,0,0,0,0,0,0,0,0,0,0,0,0,0,0,0
java.sql.SQLException,0,0,0,0,0,0,0,0,0,0,0,0,0,0,0,0,0,0
java.text.Collator,0,0,0,0,0,0,0,0,0,0,0,0,0,0,0,0,0,0
java.text.DateFormat,0,0,0,0,0,0,0,0,0,0,0,0,0,0,0,0,0,0
java.text.DateFormatSymbols,0,0,0,0,0,0,0,0,0,0,0,0,0,0,0,0,0,0
java.text.DecimalFormat,0,0,0,0,0,0,0,0,0,0,0,0,0,0,0,0,0,0
java.text.FieldPosition,0,0,0,0,0,0,0,0,0,0,0,0,0,0,0,0,0,0
java.text.Format,0,0,0,0,0,0,0,0,0,0,0,0,0,0,0,0,0,0
java.text.MessageFormat,0,0,0,0,0,0,0,0,0,0,0,0,0,0,0,0,0,0
java.text.NumberFormat,0,0,0,0,0,0,0,0,0,0,0,0,0,0,0,0,0,0
java.text.ParseException,0,0,0,0,0,0,0,0,0,0,0,0,0,0,0,0,0,0
java.text.ParsePosition,0,0,0,0,0,0,0,0,0,0,0,0,0,0,0,0,0,0
java.text.SimpleDateFormat,0,0,0,0,0,0,0,0,0,0,0,0,0,0,0,0,0,0
java.util.ArrayList,0,0,0,0,0,0,0,0,0,0,0,0,0,0,0,0,0,0
java.util.Arrays,0,0,0,0,0,0,0,0,0,0,0,0,0,0,0,0,0,0
java.util.BitSet,0,0,0,0,0,0,0,0,0,0,0,0,0,0,0,0,0,0
java.util.Calendar,0,0,0,0,0,0,0,0,0,0,0,0,0,0,0,0,0,0
java.util.Collection,0,0,0,0,0,0,0,0,0,0,0,0,0,0,0,0,0,0
java.util.Collections,0,0,0,0,0,0,0,0,0,0,0,0,0,0,0,0,0,0
java.util.Comparator,0,0,0,0,0,0,0,0,0,0,0,0,0,0,0,0,0,0
java.util.Date,0,0,0,0,0,0,0,0,0,0,0,0,0,0,0,0,0,0
java.util.Dictionary,0,0,0,0,0,0,0,0,0,0,0,0,0,0,0,0,0,0
java.util.EnumSet,0,0,0,0,0,0,0,0,0,0,0,0,0,0,0,0,0,0
java.util.Enumeration,0,0,0,0,0,0,0,0,0,0,0,0,0,0,0,0,0,0
java.util.EventObject,0,0,0,0,0,0,0,0,0,0,0,0,0,0,0,0,0,0
java.util.GregorianCalendar,0,0,0,0,0,0,0,0,0,0,0,0,0,0,0,0,0,0
java.util.HashMap,0,0,0,0,0,0,0,0,0,0,0,0,0,0,0,0,0,0
java.util.HashSet,0,0,0,0,0,0,0,0,0,0,0,0,0,0,0,0,0,0
java.util.Hashtable,0,0,0,0,0,0,0,0,0,0,0,0,0,0,0,0,0,0
java.util.Iterator,0,0,0,0,0,0,0,0,0,0,0,0,0,0,0,0,0,0
java.util.LinkedHashMap,0,0,0,0,0,0,0,0,0,0,0,0,0,0,0,0,0,0
java.util.LinkedHashSet,0,0,0,0,0,0,0,0,0,0,0,0,0,0,0,0,0,0
java.util.LinkedList,0,0,0,0,0,0,0,0,0,0,0,0,0,0,0,0,0,0
java.util.List,0,0,0,0,0,0,0,0,0,0,0,0,0,0,0,0,0,0
java.util.ListIterator,0,0,0,0,0,0,0,0,0,0,0,0,0,0,0,0,0,0
java.util.Locale,0,0,0,0,0,0,0,0,0,0,0,0,0,0,0,0,0,0
java.util.Map,0,0,0,0,0,0,0,0,0,0,0,0,0,0,0,0,0,0
java.util.NoSuchElementException,0,0,0,0,0,0,0,0,0,0,0,0,0,0,0,0,0,0
java.util.Properties,0,0,0,0,0,0,0,0,0,0,0,0,0,0,0,0,0,0
java.util.Queue,0,0,0,0,0,0,0,0,0,0,0,0,0,0,0,0,0,0
java.util.Random,0,0,0,0,0,0,0,0,0,0,0,0,0,0,0,0,0,0
java.util.ResourceBundle,0,0,0,0,0,0,0,0,0,0,0,0,0,0,0,0,0,0
java.util.Set,0,0,0,0,0,0,0,0,0,0,0,0,0,0,0,0,0,0
java.util.SortedMap,0,0,0,0,0,0,0,0,0,0,0,0,0,0,0,0,0,0
java.util.SortedSet,0,0,0,0,0,0,0,0,0,0,0,0,0,0,0,0,0,0
java.util.Stack,0,0,0,0,0,0,0,0,0,0,0,0,0,0,0,0,0,0
java.util.StringTokenizer,0,0,0,0,0,0,0,0,0,0,0,0,0,0,0,0,0,0
java.util.TimeZone,0,0,0,0,0,0,0,0,0,0,0,0,0,0,0,0,0,0
java.util.Timer,0,0,0,0,0,0,0,0,0,0,0,0,0,0,0,0,0,0
java.util.TimerTask,0,0,0,0,0,0,0,0,0,0,0,0,0,0,0,0,0,0
java.util.TreeMap,0,0,0,0,0,0,0,0,0,0,0,0,0,0,0,0,0,0
java.util.TreeSet,0,0,0,0,0,0,0,0,0,0,0,0,0,0,0,0,0,0
java.util.Vector,0,0,0,0,0,0,0,0,0,0,0,0,0,0,0,0,0,0
java.util.WeakHashMap,0,0,0,0,0,0,0,0,0,0,0,0,0,0,0,0,0,0
java.util.concurrent.Callable,0,0,0,0,0,0,0,0,0,0,0,0,0,0,0,0,0,0
java.util.concurrent.ConcurrentHashMap,0,0,0,0,0,0,0,0,0,0,0,0,0,0,0,0,0,0
java.util.concurrent.ConcurrentLinkedQueue,0,0,0,0,0,0,0,0,0,0,0,0,0,0,0,0,0,0
java.util.concurrent.CopyOnWriteArrayList,0,0,0,0,0,0,0,0,0,0,0,0,0,0,0,0,0,0
java.util.concurrent.CopyOnWriteArraySet,0,0,0,0,0,0,0,0,0,0,0,0,0,0,0,0,0,0
java.util.concurrent.CountDownLatch,0,0,0,0,0,0,0,0,0,0,0,0,0,0,0,0,0,0
java.util.concurrent.ExecutionException,0,0,0,0,0,0,0,0,0,0,0,0,0,0,0,0,0,0
java.util.concurrent.ExecutorService,0,0,0,0,0,0,0,0,0,0,0,0,0,0,0,0,0,0
java.util.concurrent.Future,0,0,0,0,0,0,0,0,0,0,0,0,0,0,0,0,0,0
java.util.concurrent.SynchronousQueue,0,0,0,0,0,0,0,0,0,0,0,0,0,0,0,0,0,0
java.util.concurrent.ThreadPoolExecutor,0,0,0,0,0,0,0,0,0,0,0,0,0,0,0,0,0,0
java.util.concurrent.TimeUnit,0,0,0,0,0,0,0,0,0,0,0,0,0,0,0,0,0,0
java.util.concurrent.atomic.AtomicBoolean,0,0,0,0,0,0,0,0,0,0,0,0,0,0,0,0,0,0
java.util.logging.Level,0,0,0,0,0,0,0,0,0,0,0,0,0,0,0,0,0,0
java.util.logging.Logger,0,0,0,0,0,0,0,0,0,0,0,0,0,0,0,0,0,0
java.util.regex.Matcher,0,0,0,0,0,0,0,0,0,0,0,0,0,0,0,0,0,0
java.util.regex.Pattern,0,0,0,0,0,0,0,0,0,0,0,0,0,0,0,0,0,0
java.util.zip.GZIPInputStream,0,0,0,0,0,0,0,0,0,0,0,0,0,0,0,0,0,0
java.util.zip.ZipEntry,0,0,0,0,0,0,0,0,0,0,0,0,0,0,0,0,0,0
java.util.zip.ZipFile,0,0,0,0,0,0,0,0,0,0,0,0,0,0,0,0,0,0
java.util.zip.ZipInputStream,0,0,0,0,0,0,0,0,0,0,0,0,0,0,0,0,0,0
java.util.zip.ZipOutputStream,0,0,0,0,0,0,0,0,0,0,0,0,0,0,0,0,0,0
javax.crypto.Cipher,0,0,0,0,0,0,0,0,0,0,0,0,0,0,0,0,0,0
javax.crypto.spec.SecretKeySpec,0,0,0,0,0,0,0,0,0,0,0,0,0,0,0,0,0,0
javax.net.SocketFactory,0,0,0,0,0,0,0,0,0,0,0,0,0,0,0,0,0,0
javax.net.ssl.KeyManager,0,0,0,0,0,0,0,0,0,0,0,0,0,0,0,0,0,0
javax.net.ssl.KeyManagerFactory,0,0,0,0,0,0,0,0,0,0,0,0,0,0,0,0,0,0
javax.net.ssl.SSLContext,0,0,0,0,0,0,0,0,0,0,0,0,0,0,0,0,0,0
javax.net.ssl.SSLSocketFactory,0,0,0,0,0,0,0,0,0,0,0,0,0,0,0,0,0,0
javax.net.ssl.X509TrustManager,0,0,0,0,0,0,0,0,0,0,0,0,0,0,0,0,0,0
javax.security.auth.login.LoginException,0,0,0,0,0,0,0,0,0,0,0,0,0,0,0,0,0,0
javax.swing.text.html.HTML,0,0,0,0,0,0,0,0,0,0,0,0,0,0,0,0,0,0
javax.xml.parsers.DocumentBuilder,0,0,0,0,0,0,0,0,0,0,0,0,0,0,0,0,0,0
javax.xml.parsers.DocumentBuilderFactory,0,0,0,0,0,0,0,0,0,0,0,0,0,0,0,0,0,0
javax.xml.transform.Result,0,0,0,0,0,0,0,0,0,0,0,0,0,0,0,0,0,0
javax.xml.transform.Transformer,0,0,0,0,0,0,0,0,0,0,0,0,0,0,0,0,0,0
javax.xml.transform.TransformerConfigurationException,0,0,0,0,0,0,0,0,0,0,0,0,0,0,0,0,0,0
javax.xml.transform.TransformerException,0,0,0,0,0,0,0,0,0,0,0,0,0,0,0,0,0,0
javax.xml.transform.TransformerFactory,0,0,0,0,0,0,0,0,0,0,0,0,0,0,0,0,0,0
javax.xml.transform.TransformerFactoryConfigurationError,0,0,0,0,0,0,0,0,0,0,0,0,0,0,0,0,0,0
javax.xml.transform.dom.DOMSource,0,0,0,0,0,0,0,0,0,0,0,0,0,0,0,0,0,0
javax.xml.transform.sax.SAXSource,0,0,0,0,0,0,0,0,0,0,0,0,0,0,0,0,0,0
javax.xml.transform.sax.SAXTransformerFactory,0,0,0,0,0,0,0,0,0,0,0,0,0,0,0,0,0,0
javax.xml.transform.sax.TransformerHandler,0,0,0,0,0,0,0,0,0,0,0,0,0,0,0,0,0,0
javax.xml.transform.stream.StreamResult,0,0,0,0,0,0,0,0,0,0,0,0,0,0,0,0,0,0
org.apache.avalon.framework.logger.Logger,0,0,0,0,0,0,0,0,0,0,0,0,0,0,0,0,0,0
org.apache.commons.codec.BinaryDecoder,0,0,0,0,0,0,0,0,0,0,0,0,0,0,0,0,0,0
org.apache.commons.codec.BinaryEncoder,0,0,0,0,0,0,0,0,0,0,0,0,0,0,0,0,0,0
org.apache.commons.codec.Decoder,0,0,0,0,0,0,0,0,0,0,0,0,0,0,0,0,0,0
org.apache.commons.codec.DecoderException,0,0,1,0,0,0,0,0,1,1,0,0,0,0,0,0,0,0
org.apache.commons.codec.Encoder,0,0,0,0,0,0,0,0,0,0,0,0,0,0,0,0,0,0
org.apache.commons.codec.EncoderException,0,0,1,0,0,0,0,0,1,1,0,0,0,0,0,0,0,0
org.apache.commons.codec.StringDecoder,0,0,0,0,0,0,0,0,0,0,0,0,0,0,0,0,0,0
org.apache.commons.codec.StringEncoder,0,0,0,0,0,0,0,0,0,0,0,0,0,0,0,0,0,0
org.apache.commons.codec.StringEncoderComparator,0,0,0,0,0,0,0,0,0,0,0,0,0,0,0,0,0,0
org.apache.commons.codec.binary.Base64,0,0,0,0,0,0,1,0,0,0,0,0,0,0,0,0,0,0
org.apache.commons.codec.binary.BinaryCodec,0,0,0,0,0,0,0,0,0,0,0,0,0,0,0,0,0,0
org.apache.commons.codec.binary.Hex,0,0,0,0,0,0,0,0,0,0,0,0,0,0,0,0,0,0
org.apache.commons.codec.digest.DigestUtils,0,0,0,0,0,0,0,0,0,0,0,0,0,0,0,0,0,0
org.apache.commons.codec.language.DoubleMetaphone,0,0,0,1,0,0,1,1,0,0,0,1,0,0,0,0,0,0
org.apache.commons.codec.language.Metaphone,0,0,0,0,0,0,1,0,0,0,0,0,0,0,0,0,0,0
org.apache.commons.codec.language.RefinedSoundex,0,0,0,0,0,0,0,0,0,0,0,0,0,0,0,0,0,0
org.apache.commons.codec.language.Soundex,0,0,0,0,0,0,0,0,0,0,0,0,0,0,0,0,0,0
org.apache.commons.codec.language.SoundexUtils,0,0,0,0,0,0,0,0,0,0,0,0,0,0,0,0,0,0
org.apache.commons.codec.net.BCodec,0,0,0,0,0,0,0,0,0,0,0,0,0,0,0,0,0,0
org.apache.commons.codec.net.QCodec,0,0,0,0,0,0,0,0,0,0,0,0,0,0,0,0,0,0
org.apache.commons.codec.net.QuotedPrintableCodec,0,0,0,0,0,0,0,0,0,0,0,0,0,0,0,0,0,1
org.apache.commons.codec.net.RFC1522Codec,0,0,0,0,0,0,0,0,0,0,1,0,0,0,0,0,0,0
org.apache.commons.codec.net.StringEncodings,0,0,0,0,0,0,0,0,0,0,0,0,0,0,0,0,0,0
org.apache.commons.codec.net.URLCodec,1,0,0,0,0,0,0,0,0,0,0,0,0,0,0,0,0,1
org.apache.commons.httpclient.AutoCloseInputStream,0,0,0,0,0,0,0,0,0,0,0,0,0,0,0,0,0,0
org.apache.commons.httpclient.ChunkedInputStream,1,0,0,0,0,0,1,0,0,0,1,0,0,0,0,0,0,0
org.apache.commons.httpclient.ChunkedOutputStream,0,0,0,0,0,0,0,0,0,0,0,0,0,0,0,0,0,0
org.apache.commons.httpclient.CircularRedirectException,0,0,0,0,0,0,0,0,0,0,0,0,0,0,1,0,0,0
org.apache.commons.httpclient.ConnectMethod,1,0,0,0,0,0,0,0,0,0,0,0,0,0,0,0,0,0
org.apache.commons.httpclient.ConnectTimeoutException,0,0,1,0,0,0,0,0,0,0,0,0,0,0,0,0,0,0
org.apache.commons.httpclient.ConnectionPoolTimeoutException,0,0,1,0,0,0,0,0,0,0,0,0,0,0,0,0,0,0
org.apache.commons.httpclient.ContentLengthInputStream,0,0,0,0,0,0,0,0,0,0,0,0,0,0,0,0,0,0
org.apache.commons.httpclient.Cookie,1,0,0,0,0,0,0,0,0,0,0,1,0,0,0,0,0,0
org.apache.commons.httpclient.Credentials,0,0,0,0,0,0,0,0,0,0,0,0,0,0,0,0,0,0
org.apache.commons.httpclient.DefaultHttpMethodRetryHandler,0,0,0,0,0,0,0,0,0,0,0,0,0,0,0,0,0,0
org.apache.commons.httpclient.DefaultMethodRetryHandler,0,0,0,0,0,0,0,0,0,0,0,1,0,0,0,0,0,0
org.apache.commons.httpclient.Header,0,0,0,0,0,0,0,0,0,0,0,0,0,0,0,0,0,0
org.apache.commons.httpclient.HeaderElement,1,0,0,0,0,0,0,0,0,0,1,0,0,0,0,0,0,0
org.apache.commons.httpclient.HeaderGroup,0,0,1,0,0,0,0,0,0,0,0,0,0,0,0,0,0,0
org.apache.commons.httpclient.HostConfiguration,0,0,0,0,0,0,1,0,0,0,1,0,0,0,0,0,0,0
org.apache.commons.httpclient.HttpClient,1,0,0,0,0,0,0,0,0,0,0,0,1,0,0,0,0,0
org.apache.commons.httpclient.HttpClientError,0,0,0,0,0,0,0,0,1,1,0,0,0,0,0,0,0,0
org.apache.commons.httpclient.HttpConnection,1,0,0,1,0,0,1,1,0,0,1,1,0,0,0,0,0,0
org.apache.commons.httpclient.HttpConnectionManager,0,0,0,0,0,0,0,0,0,0,0,0,0,0,0,0,0,0
org.apache.commons.httpclient.HttpConstants,1,0,0,0,0,0,0,0,0,0,0,0,0,0,0,0,0,0
org.apache.commons.httpclient.HttpContentTooLargeException,0,0,1,0,0,0,0,0,0,0,0,0,0,0,0,0,0,0
org.apache.commons.httpclient.HttpException,1,0,0,0,0,0,0,0,0,0,0,0,0,0,0,0,0,0
org.apache.commons.httpclient.HttpHost,0,0,0,0,0,0,0,0,0,0,0,0,0,1,0,0,0,0
org.apache.commons.httpclient.HttpMethod,0,0,0,0,0,0,0,0,0,0,0,0,0,0,0,0,0,0
org.apache.commons.httpclient.HttpMethodBase,1,0,0,1,0,0,1,1,0,0,1,1,1,0,0,0,0,0
org.apache.commons.httpclient.HttpMethodDirector,1,0,0,0,0,0,1,0,0,0,1,0,1,0,0,0,0,0
org.apache.commons.httpclient.HttpMethodRetryHandler,0,0,0,0,0,0,0,0,0,0,0,0,0,0,0,0,0,0
org.apache.commons.httpclient.HttpParser,1,0,0,0,0,0,0,0,0,0,1,0,0,0,0,0,0,0
org.apache.commons.httpclient.HttpRecoverableException,0,0,0,0,0,0,0,0,1,1,0,0,0,0,0,0,0,0
org.apache.commons.httpclient.HttpState,1,0,0,0,0,0,0,0,0,0,0,0,0,0,0,0,0,0
org.apache.commons.httpclient.HttpStatus,0,0,1,0,0,0,0,1,0,0,0,0,0,0,0,0,0,0
org.apache.commons.httpclient.HttpURL,0,0,0,1,0,1,1,1,0,0,1,1,0,0,0,0,0,0
org.apache.commons.httpclient.HttpVersion,0,0,0,0,0,0,0,0,0,0,1,0,0,0,0,0,0,0
org.apache.commons.httpclient.HttpsURL,0,0,0,0,0,1,0,0,0,0,0,1,0,0,0,0,0,0
org.apache.commons.httpclient.InvalidRedirectLocationException,0,0,0,0,0,0,0,0,0,0,0,0,0,0,1,0,0,0
org.apache.commons.httpclient.MethodRetryHandler,0,0,0,0,0,0,0,0,0,0,0,0,0,0,0,0,0,0
org.apache.commons.httpclient.MultiThreadedHttpConnectionManager,1,1,0,1,0,0,1,1,0,0,0,0,1,0,0,0,0,0
org.apache.commons.httpclient.MultiThreadedHttpConnectionManager.1,0,0,0,0,0,0,0,0,0,0,0,0,0,0,0,0,0,0
org.apache.commons.httpclient.NTCredentials,0,0,0,0,0,0,0,0,0,0,0,0,0,0,0,0,0,0
org.apache.commons.httpclient.NameValuePair,0,0,1,0,0,0,0,0,0,0,0,0,0,0,0,0,0,0
org.apache.commons.httpclient.NoHttpResponseException,0,0,1,0,0,0,0,0,0,0,0,0,0,0,0,0,0,0
org.apache.commons.httpclient.ProtocolException,0,0,1,0,0,0,0,0,0,0,0,0,0,1,0,0,0,0
org.apache.commons.httpclient.ProxyClient,0,0,0,0,0,0,0,0,0,0,0,0,1,0,0,0,0,0
org.apache.commons.httpclient.ProxyClient.1,0,0,0,0,0,0,0,0,0,0,0,0,0,0,0,0,0,0
org.apache.commons.httpclient.ProxyHost,0,0,0,0,0,0,0,0,0,0,0,0,0,0,1,0,0,0
org.apache.commons.httpclient.RedirectException,0,0,0,0,0,0,0,0,0,0,0,0,0,1,1,0,0,0
org.apache.commons.httpclient.ResponseConsumedWatcher,0,0,0,0,0,0,0,0,0,0,0,0,0,0,0,0,0,0
org.apache.commons.httpclient.SimpleHttpConnectionManager,1,1,0,0,0,0,0,0,0,0,1,0,1,0,0,0,0,0
org.apache.commons.httpclient.StatusLine,0,0,0,0,0,0,0,0,0,0,0,0,0,0,0,0,0,0
org.apache.commons.httpclient.URI,1,0,0,1,0,0,1,1,0,0,0,1,0,0,0,0,0,0
org.apache.commons.httpclient.URIException,0,0,1,0,0,0,0,0,0,0,0,0,0,0,0,0,0,0
org.apache.commons.httpclient.UsernamePasswordCredentials,0,0,0,0,0,0,0,0,0,0,0,0,0,0,0,0,0,0
org.apache.commons.httpclient.Wire,1,0,0,0,0,1,0,0,0,0,1,0,0,0,0,0,0,0
org.apache.commons.httpclient.WireLogInputStream,0,0,0,0,0,0,0,0,0,0,0,0,0,0,0,0,0,0
org.apache.commons.httpclient.WireLogOutputStream,0,0,0,0,0,0,0,0,0,0,0,0,0,0,0,0,0,0
org.apache.commons.httpclient.auth.AuthChallengeException,0,0,1,0,0,0,0,0,0,0,0,0,0,0,1,0,0,0
org.apache.commons.httpclient.auth.AuthChallengeParser,0,0,0,0,0,0,0,0,0,0,0,0,0,0,0,0,0,0
org.apache.commons.httpclient.auth.AuthChallengeProcessor,1,1,0,0,0,0,0,0,0,0,1,0,1,0,0,0,0,0
org.apache.commons.httpclient.auth.AuthPolicy,1,0,0,0,0,0,0,0,0,0,0,0,0,0,0,0,0,0
org.apache.commons.httpclient.auth.AuthScheme,0,0,0,0,0,0,0,0,0,0,0,0,0,0,0,0,0,0
org.apache.commons.httpclient.auth.AuthSchemeBase,0,0,0,0,0,0,0,0,0,0,0,0,0,0,0,0,0,0
org.apache.commons.httpclient.auth.AuthScope,0,0,0,0,0,0,0,0,0,0,0,0,0,1,0,0,0,0
org.apache.commons.httpclient.auth.AuthState,0,0,0,0,0,0,0,0,0,0,0,0,0,0,0,0,0,0
org.apache.commons.httpclient.auth.AuthenticationException,0,0,1,0,0,0,0,0,0,0,0,0,0,1,1,0,0,0
org.apache.commons.httpclient.auth.BasicScheme,1,0,0,0,0,0,0,0,0,0,0,0,1,0,1,0,0,0
org.apache.commons.httpclient.auth.CredentialsNotAvailableException,0,0,0,0,0,0,0,0,0,0,0,0,0,0,1,0,0,0
org.apache.commons.httpclient.auth.CredentialsProvider,0,0,0,0,0,0,0,0,0,0,0,0,0,0,0,0,0,0
org.apache.commons.httpclient.auth.DigestScheme,1,0,0,0,0,0,0,0,0,0,0,0,1,0,0,0,0,0
org.apache.commons.httpclient.auth.HttpAuthRealm,0,0,0,0,0,1,0,0,1,1,0,0,0,0,1,0,0,0
org.apache.commons.httpclient.auth.HttpAuthenticator,1,0,0,0,0,0,0,0,0,0,1,1,1,0,0,0,0,0
org.apache.commons.httpclient.auth.InvalidCredentialsException,0,0,0,0,0,0,0,0,0,0,0,0,0,0,1,0,0,0
org.apache.commons.httpclient.auth.MalformedChallengeException,0,0,0,0,0,0,0,0,0,0,0,0,0,0,1,0,0,0
org.apache.commons.httpclient.auth.NTLM,0,0,0,0,0,0,0,0,0,0,1,1,0,0,0,0,0,0
org.apache.commons.httpclient.auth.NTLMScheme,1,0,0,0,0,0,0,0,0,0,1,0,1,0,0,0,0,0
org.apache.commons.httpclient.auth.RFC2617Scheme,0,0,0,0,0,0,0,0,0,0,0,0,1,1,0,0,0,0
org.apache.commons.httpclient.cookie.Cookie2,0,0,0,0,0,0,0,0,0,0,0,1,0,0,0,0,0,0
org.apache.commons.httpclient.cookie.CookieAttributeHandler,0,0,0,0,0,0,0,0,0,0,0,0,0,0,0,0,0,0
org.apache.commons.httpclient.cookie.CookieOrigin,0,0,0,0,0,0,0,0,0,0,0,0,0,0,0,0,0,0
org.apache.commons.httpclient.cookie.CookiePathComparator,0,0,0,0,0,0,0,0,0,0,0,0,0,0,0,0,0,0
org.apache.commons.httpclient.cookie.CookiePolicy,1,0,0,0,0,0,0,0,0,0,0,0,0,0,0,0,0,0
org.apache.commons.httpclient.cookie.CookieSpec,0,0,0,0,0,0,0,0,0,0,0,0,0,0,0,0,0,0
org.apache.commons.httpclient.cookie.CookieSpecBase,1,0,0,0,0,0,1,0,0,0,1,1,0,0,0,0,0,0
org.apache.commons.httpclient.cookie.CookieVersionSupport,0,0,0,0,0,0,0,0,0,0,0,0,0,0,0,0,0,0
org.apache.commons.httpclient.cookie.IgnoreCookiesSpec,0,0,0,0,0,0,0,0,0,0,0,1,0,0,0,0,0,0
org.apache.commons.httpclient.cookie.MalformedCookieException,0,0,1,0,0,0,0,0,0,0,0,0,0,0,1,0,0,0
org.apache.commons.httpclient.cookie.NetscapeDraftSpec,0,0,0,0,0,1,0,0,0,0,1,1,1,0,0,0,0,0
org.apache.commons.httpclient.cookie.RFC2109Spec,0,0,0,0,0,1,0,0,0,0,1,1,1,0,0,0,0,0
org.apache.commons.httpclient.cookie.RFC2965Spec,0,0,0,0,0,1,1,0,0,0,1,1,0,0,0,0,0,0
org.apache.commons.httpclient.cookie.RFC2965Spec.1,0,0,0,0,0,0,0,0,0,0,0,0,0,0,0,0,0,0
org.apache.commons.httpclient.methods.ByteArrayRequestEntity,0,0,0,0,0,0,0,0,0,0,0,0,0,0,0,0,0,0
org.apache.commons.httpclient.methods.DeleteMethod,0,0,0,0,0,0,0,0,0,0,0,0,0,0,0,0,0,0
org.apache.commons.httpclient.methods.EntityEnclosingMethod,1,0,0,0,0,0,0,0,0,0,0,0,1,0,1,0,0,0
org.apache.commons.httpclient.methods.ExpectContinueMethod,1,0,0,0,0,0,0,0,0,0,0,0,0,1,0,0,0,0
org.apache.commons.httpclient.methods.FileRequestEntity,0,0,0,0,0,0,0,0,0,0,0,0,0,0,0,0,0,0
org.apache.commons.httpclient.methods.GetMethod,1,0,0,0,0,0,0,0,0,0,0,0,0,1,0,0,0,0
org.apache.commons.httpclient.methods.HeadMethod,1,0,0,0,0,0,0,0,0,0,0,0,0,0,0,0,0,0
org.apache.commons.httpclient.methods.InputStreamRequestEntity,1,0,0,0,0,0,0,0,0,0,0,0,0,0,0,0,0,0
org.apache.commons.httpclient.methods.MultipartPostMethod,1,0,0,0,0,0,0,0,0,0,0,0,0,0,1,0,0,0
org.apache.commons.httpclient.methods.OptionsMethod,1,0,0,0,0,0,0,0,0,0,0,0,0,0,0,0,0,0
org.apache.commons.httpclient.methods.PostMethod,1,0,0,0,0,0,0,0,0,0,0,0,1,0,0,0,0,0
org.apache.commons.httpclient.methods.PutMethod,0,0,0,0,0,0,0,0,0,0,0,0,0,0,0,0,0,0
org.apache.commons.httpclient.methods.RequestEntity,0,0,0,0,0,0,0,0,0,0,0,0,0,0,0,0,0,0
org.apache.commons.httpclient.methods.StringRequestEntity,0,0,0,0,0,0,0,0,0,0,0,0,0,0,0,0,0,0
org.apache.commons.httpclient.methods.TraceMethod,0,0,0,0,0,0,0,0,0,0,0,0,0,0,0,0,0,0
org.apache.commons.httpclient.methods.multipart.ByteArrayPartSource,0,0,0,0,0,0,0,0,0,0,0,0,0,0,0,0,0,0
org.apache.commons.httpclient.methods.multipart.FilePart,1,0,0,0,0,1,0,0,0,0,0,1,0,0,1,0,0,0
org.apache.commons.httpclient.methods.multipart.FilePartSource,0,0,0,0,0,0,0,0,0,0,0,0,0,0,0,0,0,0
org.apache.commons.httpclient.methods.multipart.MultipartRequestEntity,1,0,0,0,0,0,0,0,0,0,0,0,0,0,0,0,0,0
org.apache.commons.httpclient.methods.multipart.Part,1,0,0,0,0,0,0,1,0,0,0,0,0,0,0,1,1,0
org.apache.commons.httpclient.methods.multipart.PartBase,0,0,0,0,0,0,0,0,0,0,0,0,0,1,0,0,0,0
org.apache.commons.httpclient.methods.multipart.PartSource,0,0,0,0,0,0,0,0,0,0,0,0,0,0,0,0,0,0
org.apache.commons.httpclient.methods.multipart.StringPart,1,0,0,0,0,0,0,0,0,0,0,0,0,0,0,0,0,0
org.apache.commons.httpclient.params.DefaultHttpParams,1,0,1,0,0,0,0,0,0,0,0,0,0,0,0,0,0,0
org.apache.commons.httpclient.params.DefaultHttpParamsFactory,1,0,0,0,0,0,0,0,0,0,1,0,0,0,0,0,0,0
org.apache.commons.httpclient.params.HostParams,0,0,0,0,0,0,0,0,0,0,0,0,0,0,0,0,0,0
org.apache.commons.httpclient.params.HttpClientParams,0,0,0,0,0,0,0,0,0,0,0,0,0,0,0,0,0,0
org.apache.commons.httpclient.params.HttpConnectionManagerParams,0,1,1,0,0,0,0,0,0,0,0,0,0,0,0,0,0,0
org.apache.commons.httpclient.params.HttpConnectionParams,0,0,1,0,0,0,0,0,0,0,0,0,0,0,0,0,0,0
org.apache.commons.httpclient.params.HttpMethodParams,1,0,0,1,0,0,0,1,0,0,0,0,0,0,0,0,0,0
org.apache.commons.httpclient.params.HttpParams,0,0,0,0,0,0,0,0,0,0,0,0,0,0,0,0,0,0
org.apache.commons.httpclient.params.HttpParamsFactory,0,0,0,0,0,0,0,0,0,0,0,0,0,0,0,0,0,0
org.apache.commons.httpclient.protocol.ControllerThreadSocketFactory,0,1,0,0,0,0,0,0,0,0,0,1,0,0,0,0,0,0
org.apache.commons.httpclient.protocol.DefaultProtocolSocketFactory,0,0,0,0,0,0,0,0,0,0,0,1,1,0,0,0,0,0
org.apache.commons.httpclient.protocol.Protocol,0,0,0,0,0,0,0,0,0,0,0,0,0,0,0,0,0,0
org.apache.commons.httpclient.protocol.ProtocolSocketFactory,0,0,0,0,0,0,0,0,0,0,0,0,0,0,0,0,0,0
org.apache.commons.httpclient.protocol.ReflectionSocketFactory,1,0,0,0,0,0,0,0,0,0,1,1,0,0,0,0,0,0
org.apache.commons.httpclient.protocol.SSLProtocolSocketFactory,0,0,0,0,0,0,0,0,0,0,0,1,1,0,0,0,0,0
org.apache.commons.httpclient.protocol.SecureProtocolSocketFactory,0,0,0,0,0,0,0,0,0,0,0,0,0,0,0,0,0,0
org.apache.commons.httpclient.util.DateParseException,0,0,0,0,0,0,0,0,1,1,0,0,0,0,0,0,0,0
org.apache.commons.httpclient.util.DateParser,0,0,0,0,0,0,0,0,0,0,0,0,0,0,0,0,0,0
org.apache.commons.httpclient.util.DateUtil,0,0,0,0,0,0,0,0,0,0,1,0,0,0,0,0,0,0
org.apache.commons.httpclient.util.EncodingUtil,1,0,0,0,0,0,0,0,0,0,0,0,0,0,0,0,0,0
org.apache.commons.httpclient.util.ExceptionUtil,1,0,0,0,0,0,0,0,0,0,0,0,0,0,0,0,0,0
org.apache.commons.httpclient.util.HttpURLConnection,1,0,0,0,0,0,0,0,0,0,0,0,0,0,0,0,0,0
org.apache.commons.httpclient.util.IdleConnectionHandler,1,0,0,0,0,0,0,0,0,0,0,0,0,0,0,0,0,0
org.apache.commons.httpclient.util.IdleConnectionTimeoutThread,0,0,0,0,0,0,0,0,0,0,0,0,0,0,0,0,0,0
org.apache.commons.httpclient.util.LangUtils,0,0,0,0,0,0,0,0,0,0,0,0,0,0,0,0,0,0
org.apache.commons.httpclient.util.ParameterFormatter,0,0,0,0,0,0,0,0,0,0,1,0,0,0,0,0,0,0
org.apache.commons.httpclient.util.ParameterParser,0,0,0,0,0,0,0,0,0,0,1,0,0,0,0,0,0,0
org.apache.commons.httpclient.util.TimeoutController,0,0,0,0,0,0,0,0,0,0,0,0,0,0,0,0,0,0
org.apache.commons.httpclient.util.URIUtil,0,0,0,0,0,0,1,0,0,0,0,0,0,0,0,0,0,0
org.apache.commons.lang.ArrayUtils,1,0,0,0,0,0,1,1,0,0,1,0,0,0,0,0,0,0
org.apache.commons.lang.BitField,0,0,0,0,0,0,0,0,0,0,0,0,0,0,0,0,0,0
org.apache.commons.lang.BooleanUtils,0,0,0,0,0,0,1,0,0,0,1,0,0,0,0,0,0,0
org.apache.commons.lang.CharEncoding,0,0,0,0,0,0,0,0,0,0,0,0,0,0,0,0,0,0
org.apache.commons.lang.CharRange,0,0,0,0,0,0,0,0,0,0,0,0,0,0,0,0,0,0
org.apache.commons.lang.CharSet,0,0,0,0,0,0,0,0,0,0,1,0,0,0,0,0,0,0
org.apache.commons.lang.CharSetUtils,0,0,0,0,0,0,0,0,0,0,0,0,0,0,0,0,0,0
org.apache.commons.lang.CharUtils,0,0,0,0,0,0,1,0,0,0,0,0,0,0,0,0,0,0
org.apache.commons.lang.ClassUtils,1,0,0,0,0,0,1,0,0,0,1,0,0,0,0,0,0,0
org.apache.commons.lang.Entities,0,0,0,0,0,0,1,0,0,0,1,0,0,0,0,0,0,0
org.apache.commons.lang.IllegalClassException,0,0,0,0,0,0,0,0,0,0,0,0,0,0,0,0,0,0
org.apache.commons.lang.IncompleteArgumentException,0,0,0,0,0,0,0,0,0,0,0,0,0,0,0,0,0,0
org.apache.commons.lang.IntHashMap,0,0,0,0,0,0,0,0,0,0,0,0,0,0,0,0,0,0
org.apache.commons.lang.IntHashMap.Entry,0,0,0,0,0,0,0,0,0,0,0,0,0,0,0,0,0,0
org.apache.commons.lang.LocaleUtils,0,0,0,0,0,0,1,0,0,0,1,0,0,0,0,0,0,0
org.apache.commons.lang.NotImplementedException,0,0,0,0,0,0,0,0,0,0,0,0,0,0,0,0,0,0
org.apache.commons.lang.NullArgumentException,0,0,0,0,0,0,0,0,1,1,0,0,0,0,0,0,0,0
org.apache.commons.lang.NumberRange,0,0,0,0,0,0,0,0,0,0,0,0,0,0,0,0,0,0
org.apache.commons.lang.NumberUtils,0,0,0,0,0,0,1,0,0,0,0,0,0,0,0,0,0,0
org.apache.commons.lang.ObjectUtils,0,0,0,0,0,0,0,0,0,0,0,0,0,0,0,0,0,0
org.apache.commons.lang.RandomStringUtils,0,0,0,0,0,0,0,0,0,0,1,1,0,0,0,0,0,0
org.apache.commons.lang.SerializationException,0,0,0,0,0,0,0,0,0,0,0,0,0,0,0,0,0,0
org.apache.commons.lang.SerializationUtils,0,0,0,0,0,0,0,0,0,0,0,0,0,0,0,0,0,0
org.apache.commons.lang.StringEscapeUtils,0,0,0,0,0,0,1,0,0,0,1,0,1,0,0,0,0,0
org.apache.commons.lang.StringUtils,0,0,0,0,0,0,1,1,0,0,1,0,0,0,0,0,0,0
org.apache.commons.lang.SystemUtils,0,0,1,0,0,0,0,1,0,0,0,0,0,0,0,0,0,0
org.apache.commons.lang.UnhandledException,0,0,0,0,0,0,0,0,0,0,0,0,0,0,0,0,0,0
org.apache.commons.lang.Validate,0,0,0,0,0,0,1,0,0,0,0,0,0,0,0,0,0,0
org.apache.commons.lang.WordUtils,0,0,0,0,0,0,1,0,0,0,1,0,0,0,0,0,0,0
org.apache.commons.lang.builder.CompareToBuilder,0,0,0,0,0,0,1,0,0,0,1,1,0,0,0,0,0,0
org.apache.commons.lang.builder.EqualsBuilder,0,0,0,0,0,0,1,0,0,0,1,1,0,0,0,0,0,0
org.apache.commons.lang.builder.HashCodeBuilder,0,0,0,0,0,0,1,0,0,0,1,1,0,0,0,0,0,0
org.apache.commons.lang.builder.ReflectionToStringBuilder,0,0,0,0,0,0,0,0,0,0,0,1,0,0,0,0,0,0
org.apache.commons.lang.builder.StandardToStringStyle,0,0,0,0,0,0,0,1,0,0,0,0,0,0,0,0,0,0
org.apache.commons.lang.builder.ToStringBuilder,0,0,0,0,0,0,0,1,0,0,0,0,0,0,0,0,0,0
org.apache.commons.lang.builder.ToStringStyle,0,0,0,0,0,0,1,1,0,0,0,0,0,0,0,0,0,0
org.apache.commons.lang.enum.Enum,1,0,0,0,0,0,1,0,0,0,1,0,0,0,0,1,1,0
org.apache.commons.lang.enum.EnumUtils,0,0,0,0,0,0,0,0,0,0,0,0,0,0,0,0,0,0
org.apache.commons.lang.enum.ValuedEnum,0,0,0,0,0,0,0,0,0,0,0,0,0,0,0,0,0,0
org.apache.commons.lang.enums.Enum,1,0,0,0,0,0,1,0,0,0,1,0,0,0,0,1,1,0
org.apache.commons.lang.enums.EnumUtils,0,0,0,0,0,0,0,0,0,0,0,0,0,0,0,0,0,0
org.apache.commons.lang.enums.ValuedEnum,0,0,0,0,0,0,0,0,0,0,0,0,0,0,0,0,0,0
org.apache.commons.lang.exception.ExceptionUtils,1,0,0,0,0,0,1,0,0,0,1,0,0,0,0,0,0,0
org.apache.commons.lang.exception.Nestable,0,0,0,0,0,0,0,0,0,0,0,0,0,0,0,0,0,0
org.apache.commons.lang.exception.NestableDelegate,1,0,0,0,0,1,0,0,0,0,1,0,0,0,0,0,0,0
org.apache.commons.lang.exception.NestableError,0,0,0,0,0,0,0,0,0,0,0,0,0,0,0,0,0,0
org.apache.commons.lang.exception.NestableException,0,0,0,0,0,0,0,0,0,0,0,0,0,0,0,0,0,0
org.apache.commons.lang.exception.NestableRuntimeException,0,0,0,0,0,0,0,0,0,0,0,0,0,0,0,0,0,0
org.apache.commons.lang.math.DoubleRange,0,0,0,0,0,0,1,0,0,0,0,0,0,0,0,0,0,0
org.apache.commons.lang.math.FloatRange,0,0,0,0,0,0,1,0,0,0,0,0,0,0,0,0,0,0
org.apache.commons.lang.math.Fraction,0,0,0,0,0,0,1,1,0,0,1,0,0,0,0,0,0,0
org.apache.commons.lang.math.IntRange,0,0,0,0,0,0,0,0,0,0,0,0,0,0,0,0,0,0
org.apache.commons.lang.math.JVMRandom,0,0,0,0,0,0,0,0,0,0,0,0,0,0,0,0,0,0
org.apache.commons.lang.math.LongRange,0,0,0,0,0,0,0,0,0,0,0,0,0,0,0,0,0,0
org.apache.commons.lang.math.NumberRange,0,0,0,0,0,0,0,0,0,0,0,0,0,0,0,0,0,0
org.apache.commons.lang.math.NumberUtils,0,0,0,0,0,0,1,1,0,0,0,0,0,0,0,0,0,0
org.apache.commons.lang.math.RandomUtils,0,0,0,0,0,0,0,0,0,0,0,0,0,0,0,0,0,0
org.apache.commons.lang.math.Range,0,0,0,0,0,0,0,0,0,0,0,0,0,0,0,0,0,0
org.apache.commons.lang.mutable.Mutable,0,0,0,0,0,0,0,0,0,0,0,0,0,0,0,0,0,0
org.apache.commons.lang.mutable.MutableBoolean,0,0,0,0,0,0,0,0,0,0,0,0,0,0,0,0,0,0
org.apache.commons.lang.mutable.MutableByte,0,0,0,0,0,0,0,0,0,0,0,0,0,0,0,0,0,0
org.apache.commons.lang.mutable.MutableDouble,0,0,0,0,0,0,0,0,0,0,0,0,0,0,0,0,0,0
org.apache.commons.lang.mutable.MutableFloat,0,0,0,0,0,0,0,0,0,0,0,0,0,0,0,0,0,0
org.apache.commons.lang.mutable.MutableInt,0,0,0,0,0,0,0,0,0,0,0,0,0,0,0,0,0,0
org.apache.commons.lang.mutable.MutableLong,0,0,0,0,0,0,0,0,0,0,0,0,0,0,0,0,0,0
org.apache.commons.lang.mutable.MutableObject,0,0,0,0,0,0,0,0,0,0,0,0,0,0,0,0,0,0
org.apache.commons.lang.mutable.MutableShort,0,0,0,0,0,0,0,0,0,0,0,0,0,0,0,0,0,0
org.apache.commons.lang.text.CompositeFormat,0,0,0,0,0,0,0,0,0,0,0,0,0,0,0,0,0,0
org.apache.commons.lang.text.StrBuilder,0,0,0,1,0,0,1,1,0,0,1,1,0,0,0,0,0,0
org.apache.commons.lang.text.StrLookup,0,0,0,0,0,0,0,0,0,0,0,0,0,0,0,1,1,0
org.apache.commons.lang.text.StrMatcher,0,0,0,0,0,0,0,0,0,0,0,0,0,0,0,0,0,0
org.apache.commons.lang.text.StrSubstitutor,0,0,0,0,0,0,0,1,0,0,1,0,0,0,0,0,0,0
org.apache.commons.lang.text.StrTokenizer,0,0,0,0,0,0,1,1,0,0,1,1,0,0,0,0,0,0
org.apache.commons.lang.time.DateFormatUtils,0,0,0,0,0,0,0,0,0,0,0,0,0,0,0,0,0,0
org.apache.commons.lang.time.DateUtils,0,0,0,0,0,0,1,1,0,0,0,0,0,0,0,0,0,0
org.apache.commons.lang.time.DurationFormatUtils,0,0,0,0,0,0,1,0,0,0,0,1,0,0,0,0,0,0
org.apache.commons.lang.time.FastDateFormat,0,0,0,0,0,0,1,1,0,0,0,0,0,0,0,0,0,0
org.apache.commons.lang.time.FastDateFormat.NumberRule,0,0,0,0,0,0,0,0,0,0,0,0,0,0,0,0,0,0
org.apache.commons.lang.time.StopWatch,0,0,0,0,0,0,0,0,0,0,0,0,0,0,0,0,0,0
org.apache.commons.logging.Log,0,0,0,0,0,0,0,0,0,0,0,0,0,0,0,0,0,0
org.apache.commons.logging.LogConfigurationException,0,0,1,0,0,0,0,0,0,0,0,0,0,0,0,0,0,0
org.apache.commons.logging.LogFactory,1,0,0,0,0,0,0,0,0,0,1,0,0,0,0,0,0,0
org.apache.commons.logging.LogSource,1,0,0,0,0,0,0,0,0,0,0,0,0,0,0,0,0,0
org.apache.commons.logging.impl.AvalonLogger,0,0,0,0,0,0,0,0,0,0,0,0,0,0,0,0,0,0
org.apache.commons.logging.impl.Jdk14Logger,0,0,0,0,0,0,0,0,0,0,0,0,0,0,0,0,0,0
org.apache.commons.logging.impl.Log4JCategoryLog,1,0,0,0,0,0,0,0,0,0,0,0,0,0,0,0,0,0
org.apache.commons.logging.impl.Log4JLogger,1,0,0,0,0,0,0,0,0,0,0,0,0,0,0,0,0,0
org.apache.commons.logging.impl.Log4jFactory,0,0,0,0,0,0,0,0,0,0,0,0,0,0,0,0,0,0
org.apache.commons.logging.impl.LogFactoryImpl,1,0,0,0,0,0,0,0,0,0,1,0,0,0,0,0,0,0
org.apache.commons.logging.impl.LogKitLogger,0,0,0,0,0,0,0,0,0,0,0,0,0,0,0,0,0,0
org.apache.commons.logging.impl.NoOpLog,0,0,0,0,0,0,0,0,0,0,0,0,0,0,0,0,0,0
org.apache.commons.logging.impl.SimpleLog,1,0,0,1,0,0,1,1,0,0,1,0,0,0,0,0,0,0
org.apache.log.Hierarchy,0,0,0,0,0,0,0,0,0,0,0,0,0,0,0,0,0,0
org.apache.log.Logger,0,0,0,0,0,0,0,0,0,0,0,0,0,0,0,0,0,0
org.apache.log4j.Category,0,0,0,0,0,0,0,0,0,0,0,0,0,0,0,0,0,0
org.apache.log4j.Level,0,0,0,0,0,0,0,0,0,0,0,0,0,0,0,0,0,0
org.apache.log4j.Logger,0,0,0,0,0,0,0,0,0,0,0,0,0,0,0,0,0,0
org.eclipse.ant.internal.ui.editor.AntEditor,0,0,0,0,0,0,0,0,0,0,0,0,0,0,0,0,0,0
org.eclipse.ant.internal.ui.editor.text.AntAnnotationModel,0,0,0,0,0,0,0,0,0,0,0,0,0,0,0,0,0,0
org.eclipse.ant.internal.ui.model.AntElementNode,0,0,0,0,0,0,0,0,0,0,0,0,0,0,0,0,0,0
org.eclipse.ant.internal.ui.model.AntModel,0,0,0,0,0,0,0,0,0,0,0,0,0,0,0,0,0,0
org.eclipse.ant.internal.ui.model.AntProjectNode,0,0,0,0,0,0,0,0,0,0,0,0,0,0,0,0,0,0
org.eclipse.ant.internal.ui.model.LocationProvider,0,0,0,0,0,0,0,0,0,0,0,0,0,0,0,0,0,0
org.eclipse.compare.CompareConfiguration,0,0,0,0,0,0,0,0,0,0,0,0,0,0,0,0,0,0
org.eclipse.compare.CompareUI,0,0,0,0,0,0,0,0,0,0,0,0,0,0,0,0,0,0
org.eclipse.compare.IStreamContentAccessor,0,0,0,0,0,0,0,0,0,0,0,0,0,0,0,0,0,0
org.eclipse.compare.ITypedElement,0,0,0,0,0,0,0,0,0,0,0,0,0,0,0,0,0,0
org.eclipse.compare.internal.CompareEditor,0,0,0,0,0,0,0,0,0,0,0,0,0,0,0,0,0,0
org.eclipse.compare.patch.ApplyPatchOperation,0,0,0,0,0,0,0,0,0,0,0,0,0,0,0,0,0,0
org.eclipse.compare.structuremergeviewer.IDiffElement,0,0,0,0,0,0,0,0,0,0,0,0,0,0,0,0,0,0
org.eclipse.core.commands.AbstractHandler,0,0,0,0,0,0,0,0,0,0,0,0,0,0,0,0,0,0
org.eclipse.core.commands.Command,0,0,0,0,0,0,0,0,0,0,0,0,0,0,0,0,0,0
org.eclipse.core.commands.ExecutionEvent,0,0,0,0,0,0,0,0,0,0,0,0,0,0,0,0,0,0
org.eclipse.core.commands.ExecutionException,0,0,0,0,0,0,0,0,0,0,0,0,0,0,0,0,0,0
org.eclipse.core.commands.IExecutionListener,0,0,0,0,0,0,0,0,0,0,0,0,0,0,0,0,0,0
org.eclipse.core.commands.IHandler,0,0,0,0,0,0,0,0,0,0,0,0,0,0,0,0,0,0
org.eclipse.core.commands.IParameterValues,0,0,0,0,0,0,0,0,0,0,0,0,0,0,0,0,0,0
org.eclipse.core.commands.NotHandledException,0,0,0,0,0,0,0,0,0,0,0,0,0,0,0,0,0,0
org.eclipse.core.expressions.PropertyTester,0,0,0,0,0,0,0,0,0,0,0,0,0,0,0,0,0,0
org.eclipse.core.internal.resources.File,0,0,0,0,0,0,0,0,0,0,0,0,0,0,0,0,0,0
org.eclipse.core.internal.resources.Marker,0,0,0,0,0,0,0,0,0,0,0,0,0,0,0,0,0,0
org.eclipse.core.internal.resources.Resource,0,0,0,0,0,0,0,0,0,0,0,0,0,0,0,0,0,0
org.eclipse.core.internal.resources.Workspace,0,0,0,0,0,0,0,0,0,0,0,0,0,0,0,0,0,0
org.eclipse.core.internal.runtime.InternalPlatform,0,0,0,0,0,0,0,0,0,0,0,0,0,0,0,0,0,0
org.eclipse.core.internal.runtime.PlatformActivator,0,0,0,0,0,0,0,0,0,0,0,0,0,0,0,0,0,0
org.eclipse.core.net.proxy.IProxyChangeListener,0,0,0,0,0,0,0,0,0,0,0,0,0,0,0,0,0,0
org.eclipse.core.net.proxy.IProxyData,0,0,0,0,0,0,0,0,0,0,0,0,0,0,0,0,0,0
org.eclipse.core.net.proxy.IProxyService,0,0,0,0,0,0,0,0,0,0,0,0,0,0,0,0,0,0
org.eclipse.core.resources.IContainer,0,0,0,0,0,0,0,0,0,0,0,0,0,0,0,0,0,0
org.eclipse.core.resources.IFile,0,0,0,0,0,0,0,0,0,0,0,0,0,0,0,0,0,0
org.eclipse.core.resources.IMarker,0,0,0,0,0,0,0,0,0,0,0,0,0,0,0,0,0,0
org.eclipse.core.resources.IProject,0,0,0,0,0,0,0,0,0,0,0,0,0,0,0,0,0,0
org.eclipse.core.resources.IProjectNature,0,0,0,0,0,0,0,0,0,0,0,0,0,0,0,0,0,0
org.eclipse.core.resources.IResource,0,0,0,0,0,0,0,0,0,0,0,0,0,0,0,0,0,0
org.eclipse.core.resources.IResourceChangeEvent,0,0,0,0,0,0,0,0,0,0,0,0,0,0,0,0,0,0
org.eclipse.core.resources.IResourceChangeListener,0,0,0,0,0,0,0,0,0,0,0,0,0,0,0,0,0,0
org.eclipse.core.resources.IResourceDelta,0,0,0,0,0,0,0,0,0,0,0,0,0,0,0,0,0,0
org.eclipse.core.resources.ISaveParticipant,0,0,0,0,0,0,0,0,0,0,0,0,0,0,0,0,0,0
org.eclipse.core.resources.ISavedState,0,0,0,0,0,0,0,0,0,0,0,0,0,0,0,0,0,0
org.eclipse.core.resources.IStorage,0,0,0,0,0,0,0,0,0,0,0,0,0,0,0,0,0,0
org.eclipse.core.resources.IWorkspace,0,0,0,0,0,0,0,0,0,0,0,0,0,0,0,0,0,0
org.eclipse.core.resources.IWorkspaceRoot,0,0,0,0,0,0,0,0,0,0,0,0,0,0,0,0,0,0
org.eclipse.core.resources.ProjectScope,0,0,0,0,0,0,0,0,0,0,0,0,0,0,0,0,0,0
org.eclipse.core.resources.ResourcesPlugin,0,0,0,0,0,0,0,0,0,0,0,0,0,0,0,0,0,0
org.eclipse.core.resources.mapping.ResourceMapping,0,0,0,0,0,0,0,0,0,0,0,0,0,0,0,0,0,0
org.eclipse.core.resources.mapping.ResourceMappingContext,0,0,0,0,0,0,0,0,0,0,0,0,0,0,0,0,0,0
org.eclipse.core.resources.mapping.ResourceTraversal,0,0,0,0,0,0,0,0,0,0,0,0,0,0,0,0,0,0
org.eclipse.core.runtime.Assert,0,0,0,0,0,0,0,0,0,0,0,0,0,0,0,0,0,0
org.eclipse.core.runtime.CoreException,0,0,0,0,0,0,0,0,0,0,0,0,0,0,0,0,0,0
org.eclipse.core.runtime.IAdaptable,0,0,0,0,0,0,0,0,0,0,0,0,0,0,0,0,0,0
org.eclipse.core.runtime.IAdapterFactory,0,0,0,0,0,0,0,0,0,0,0,0,0,0,0,0,0,0
org.eclipse.core.runtime.IAdapterManager,0,0,0,0,0,0,0,0,0,0,0,0,0,0,0,0,0,0
org.eclipse.core.runtime.IBundleGroup,0,0,0,0,0,0,0,0,0,0,0,0,0,0,0,0,0,0
org.eclipse.core.runtime.IBundleGroupProvider,0,0,0,0,0,0,0,0,0,0,0,0,0,0,0,0,0,0
org.eclipse.core.runtime.IConfigurationElement,0,0,0,0,0,0,0,0,0,0,0,0,0,0,0,0,0,0
org.eclipse.core.runtime.IContributor,0,0,0,0,0,0,0,0,0,0,0,0,0,0,0,0,0,0
org.eclipse.core.runtime.IExecutableExtension,0,0,0,0,0,0,0,0,0,0,0,0,0,0,0,0,0,0
org.eclipse.core.runtime.IExtension,0,0,0,0,0,0,0,0,0,0,0,0,0,0,0,0,0,0
org.eclipse.core.runtime.IExtensionPoint,0,0,0,0,0,0,0,0,0,0,0,0,0,0,0,0,0,0
org.eclipse.core.runtime.IExtensionRegistry,0,0,0,0,0,0,0,0,0,0,0,0,0,0,0,0,0,0
org.eclipse.core.runtime.ILog,0,0,0,0,0,0,0,0,0,0,0,0,0,0,0,0,0,0
org.eclipse.core.runtime.IPath,0,0,0,0,0,0,0,0,0,0,0,0,0,0,0,0,0,0
org.eclipse.core.runtime.IProduct,0,0,0,0,0,0,0,0,0,0,0,0,0,0,0,0,0,0
org.eclipse.core.runtime.IProgressMonitor,0,0,0,0,0,0,0,0,0,0,0,0,0,0,0,0,0,0
org.eclipse.core.runtime.IStatus,0,0,0,0,0,0,0,0,0,0,0,0,0,0,0,0,0,0
org.eclipse.core.runtime.ListenerList,0,0,0,0,0,0,0,0,0,0,0,0,0,0,0,0,0,0
org.eclipse.core.runtime.MultiStatus,0,0,0,0,0,0,0,0,0,0,0,0,0,0,0,0,0,0
org.eclipse.core.runtime.NullProgressMonitor,0,0,0,0,0,0,0,0,0,0,0,0,0,0,0,0,0,0
org.eclipse.core.runtime.OperationCanceledException,0,0,0,0,0,0,0,0,0,0,0,0,0,0,0,0,0,0
org.eclipse.core.runtime.Path,0,0,0,0,0,0,0,0,0,0,0,0,0,0,0,0,0,0
org.eclipse.core.runtime.Platform,0,0,0,0,0,0,0,0,0,0,0,0,0,0,0,0,0,0
org.eclipse.core.runtime.PlatformObject,0,0,0,0,0,0,0,0,0,0,0,0,0,0,0,0,0,0
org.eclipse.core.runtime.Plugin,0,0,0,0,0,0,0,0,0,0,0,0,0,0,0,0,0,0
org.eclipse.core.runtime.Preferences,0,0,0,0,0,0,0,0,0,0,0,0,0,0,0,0,0,0
org.eclipse.core.runtime.ProgressMonitorWrapper,0,0,0,0,0,0,0,0,0,0,0,0,0,0,0,0,0,0
org.eclipse.core.runtime.SafeRunner,0,0,0,0,0,0,0,0,0,0,0,0,0,0,0,0,0,0
org.eclipse.core.runtime.Status,0,0,0,0,0,0,0,0,0,0,0,0,0,0,0,0,0,0
org.eclipse.core.runtime.SubProgressMonitor,0,0,0,0,0,0,0,0,0,0,0,0,0,0,0,0,0,0
org.eclipse.core.runtime.content.IContentType,0,0,0,0,0,0,0,0,0,0,0,0,0,0,0,0,0,0
org.eclipse.core.runtime.content.IContentTypeManager,0,0,0,0,0,0,0,0,0,0,0,0,0,0,0,0,0,0
org.eclipse.core.runtime.jobs.IJobChangeListener,0,0,0,0,0,0,0,0,0,0,0,0,0,0,0,0,0,0
org.eclipse.core.runtime.jobs.IJobManager,0,0,0,0,0,0,0,0,0,0,0,0,0,0,0,0,0,0
org.eclipse.core.runtime.jobs.ILock,0,0,0,0,0,0,0,0,0,0,0,0,0,0,0,0,0,0
org.eclipse.core.runtime.jobs.ISchedulingRule,0,0,0,0,0,0,0,0,0,0,0,0,0,0,0,0,0,0
org.eclipse.core.runtime.jobs.Job,0,0,0,0,0,0,0,0,0,0,0,0,0,0,0,0,0,0
org.eclipse.core.runtime.preferences.AbstractPreferenceInitializer,0,0,0,0,0,0,0,0,0,0,0,0,0,0,0,0,0,0
org.eclipse.core.runtime.preferences.IEclipsePreferences,0,0,0,0,0,0,0,0,0,0,0,0,0,0,0,0,0,0
org.eclipse.core.runtime.preferences.IScopeContext,0,0,0,0,0,0,0,0,0,0,0,0,0,0,0,0,0,0
org.eclipse.core.runtime.preferences.InstanceScope,0,0,0,0,0,0,0,0,0,0,0,0,0,0,0,0,0,0
org.eclipse.debug.core.ILaunch,0,0,0,0,0,0,0,0,0,0,0,0,0,0,0,0,0,0
org.eclipse.debug.core.ILaunchConfiguration,0,0,0,0,0,0,0,0,0,0,0,0,0,0,0,0,0,0
org.eclipse.debug.core.ILaunchConfigurationWorkingCopy,0,0,0,0,0,0,0,0,0,0,0,0,0,0,0,0,0,0
org.eclipse.debug.core.model.IBreakpoint,0,0,0,0,0,0,0,0,0,0,0,0,0,0,0,0,0,0
org.eclipse.debug.core.model.IStackFrame,0,0,0,0,0,0,0,0,0,0,0,0,0,0,0,0,0,0
org.eclipse.debug.core.model.IThread,0,0,0,0,0,0,0,0,0,0,0,0,0,0,0,0,0,0
org.eclipse.debug.core.model.RuntimeProcess,0,0,0,0,0,0,0,0,0,0,0,0,0,0,0,0,0,0
org.eclipse.debug.internal.ui.views.breakpoints.BreakpointsView,0,0,0,0,0,0,0,0,0,0,0,0,0,0,0,0,0,0
org.eclipse.debug.internal.ui.views.launch.LaunchView,0,0,0,0,0,0,0,0,0,0,0,0,0,0,0,0,0,0
org.eclipse.debug.ui.AbstractLaunchConfigurationTabGroup,0,0,0,0,0,0,0,0,0,0,0,0,0,0,0,0,0,0
org.eclipse.debug.ui.CommonTab,0,0,0,0,0,0,0,0,0,0,0,0,0,0,0,0,0,0
org.eclipse.debug.ui.EnvironmentTab,0,0,0,0,0,0,0,0,0,0,0,0,0,0,0,0,0,0
org.eclipse.debug.ui.IDebugModelPresentation,0,0,0,0,0,0,0,0,0,0,0,0,0,0,0,0,0,0
org.eclipse.debug.ui.ILaunchConfigurationDialog,0,0,0,0,0,0,0,0,0,0,0,0,0,0,0,0,0,0
org.eclipse.debug.ui.ILaunchConfigurationTab,0,0,0,0,0,0,0,0,0,0,0,0,0,0,0,0,0,0
org.eclipse.debug.ui.sourcelookup.SourceLookupTab,0,0,0,0,0,0,0,0,0,0,0,0,0,0,0,0,0,0
org.eclipse.jdt.core.ElementChangedEvent,0,0,0,0,0,0,0,0,0,0,0,0,0,0,0,0,0,0
org.eclipse.jdt.core.Flags,0,0,0,0,0,0,0,0,0,0,0,0,0,0,0,0,0,0
org.eclipse.jdt.core.IClassFile,0,0,0,0,0,0,0,0,0,0,0,0,0,0,0,0,0,0
org.eclipse.jdt.core.ICompilationUnit,0,0,0,0,0,0,0,0,0,0,0,0,0,0,0,0,0,0
org.eclipse.jdt.core.IElementChangedListener,0,0,0,0,0,0,0,0,0,0,0,0,0,0,0,0,0,0
org.eclipse.jdt.core.IField,0,0,0,0,0,0,0,0,0,0,0,0,0,0,0,0,0,0
org.eclipse.jdt.core.IImportContainer,0,0,0,0,0,0,0,0,0,0,0,0,0,0,0,0,0,0
org.eclipse.jdt.core.IImportDeclaration,0,0,0,0,0,0,0,0,0,0,0,0,0,0,0,0,0,0
org.eclipse.jdt.core.IInitializer,0,0,0,0,0,0,0,0,0,0,0,0,0,0,0,0,0,0
org.eclipse.jdt.core.IJavaElement,0,0,0,0,0,0,0,0,0,0,0,0,0,0,0,0,0,0
org.eclipse.jdt.core.IJavaElementDelta,0,0,0,0,0,0,0,0,0,0,0,0,0,0,0,0,0,0
org.eclipse.jdt.core.IJavaProject,0,0,0,0,0,0,0,0,0,0,0,0,0,0,0,0,0,0
org.eclipse.jdt.core.IMember,0,0,0,0,0,0,0,0,0,0,0,0,0,0,0,0,0,0
org.eclipse.jdt.core.IMethod,0,0,0,0,0,0,0,0,0,0,0,0,0,0,0,0,0,0
org.eclipse.jdt.core.IPackageDeclaration,0,0,0,0,0,0,0,0,0,0,0,0,0,0,0,0,0,0
org.eclipse.jdt.core.IPackageFragment,0,0,0,0,0,0,0,0,0,0,0,0,0,0,0,0,0,0
org.eclipse.jdt.core.IParent,0,0,0,0,0,0,0,0,0,0,0,0,0,0,0,0,0,0
org.eclipse.jdt.core.ISourceRange,0,0,0,0,0,0,0,0,0,0,0,0,0,0,0,0,0,0
org.eclipse.jdt.core.ISourceReference,0,0,0,0,0,0,0,0,0,0,0,0,0,0,0,0,0,0
org.eclipse.jdt.core.IType,0,0,0,0,0,0,0,0,0,0,0,0,0,0,0,0,0,0
org.eclipse.jdt.core.ITypeHierarchy,0,0,0,0,0,0,0,0,0,0,0,0,0,0,0,0,0,0
org.eclipse.jdt.core.JavaCore,0,0,0,0,0,0,0,0,0,0,0,0,0,0,0,0,0,0
org.eclipse.jdt.core.JavaModelException,0,0,0,0,0,0,0,0,0,0,0,0,0,0,0,0,0,0
org.eclipse.jdt.core.WorkingCopyOwner,0,0,0,0,0,0,0,0,0,0,0,0,0,0,0,0,0,0
org.eclipse.jdt.core.search.IJavaSearchScope,0,0,0,0,0,0,0,0,0,0,0,0,0,0,0,0,0,0
org.eclipse.jdt.core.search.SearchEngine,0,0,0,0,0,0,0,0,0,0,0,0,0,0,0,0,0,0
org.eclipse.jdt.core.search.TypeNameMatch,0,0,0,0,0,0,0,0,0,0,0,0,0,0,0,0,0,0
org.eclipse.jdt.debug.core.IJavaLineBreakpoint,0,0,0,0,0,0,0,0,0,0,0,0,0,0,0,0,0,0
org.eclipse.jdt.debug.ui.launchConfigurations.JavaArgumentsTab,0,0,0,0,0,0,0,0,0,0,0,0,0,0,0,0,0,0
org.eclipse.jdt.debug.ui.launchConfigurations.JavaClasspathTab,0,0,0,0,0,0,0,0,0,0,0,0,0,0,0,0,0,0
org.eclipse.jdt.debug.ui.launchConfigurations.JavaJRETab,0,0,0,0,0,0,0,0,0,0,0,0,0,0,0,0,0,0
org.eclipse.jdt.internal.core.JarEntryFile,0,0,0,0,0,0,0,0,0,0,0,0,0,0,0,0,0,0
org.eclipse.jdt.internal.core.JarPackageFragmentRoot,0,0,0,0,0,0,0,0,0,0,0,0,0,0,0,0,0,0
org.eclipse.jdt.internal.core.JavaProject,0,0,0,0,0,0,0,0,0,0,0,0,0,0,0,0,0,0
org.eclipse.jdt.internal.core.search.JavaSearchTypeNameMatch,0,0,0,0,0,0,0,0,0,0,0,0,0,0,0,0,0,0
org.eclipse.jdt.internal.corext.util.OpenTypeHistory,0,0,0,0,0,0,0,0,0,0,0,0,0,0,0,0,0,0
org.eclipse.jdt.internal.debug.core.JavaDebugUtils,0,0,0,0,0,0,0,0,0,0,0,0,0,0,0,0,0,0
org.eclipse.jdt.internal.debug.core.model.JDIDebugElement,0,0,0,0,0,0,0,0,0,0,0,0,0,0,0,0,0,0
org.eclipse.jdt.internal.debug.core.model.JDIStackFrame,0,0,0,0,0,0,0,0,0,0,0,0,0,0,0,0,0,0
org.eclipse.jdt.internal.debug.ui.JDIDebugUIPlugin,0,0,0,0,0,0,0,0,0,0,0,0,0,0,0,0,0,0
org.eclipse.jdt.internal.junit.launcher.TestKindRegistry,0,0,0,0,0,0,0,0,0,0,0,0,0,0,0,0,0,0
org.eclipse.jdt.internal.junit.model.TestCaseElement,0,0,0,0,0,0,0,0,0,0,0,0,0,0,0,0,0,0
org.eclipse.jdt.internal.ui.JavaPlugin,0,0,0,0,0,0,0,0,0,0,0,0,0,0,0,0,0,0
org.eclipse.jdt.internal.ui.actions.SelectionConverter,0,0,0,0,0,0,0,0,0,0,0,0,0,0,0,0,0,0
org.eclipse.jdt.internal.ui.javaeditor.JavaEditor,0,0,0,0,0,0,0,0,0,0,0,0,0,0,0,0,0,0
org.eclipse.jdt.internal.ui.javaeditor.JavaOutlinePage,0,0,0,0,0,0,0,0,0,0,0,0,0,0,0,0,0,0
org.eclipse.jdt.internal.ui.packageview.ClassPathContainer,0,0,0,0,0,0,0,0,0,0,0,0,0,0,0,0,0,0
org.eclipse.jdt.internal.ui.packageview.PackageExplorerPart,0,0,0,0,0,0,0,0,0,0,0,0,0,0,0,0,0,0
org.eclipse.jdt.internal.ui.packageview.PackageFragmentRootContainer,0,0,0,0,0,0,0,0,0,0,0,0,0,0,0,0,0,0
org.eclipse.jdt.internal.ui.packageview.ToggleLinkingAction,0,0,0,0,0,0,0,0,0,0,0,0,0,0,0,0,0,0
org.eclipse.jdt.internal.ui.search.JavaSearchQuery,0,0,0,0,0,0,0,0,0,0,0,0,0,0,0,0,0,0
org.eclipse.jdt.internal.ui.search.JavaSearchResult,0,0,0,0,0,0,0,0,0,0,0,0,0,0,0,0,0,0
org.eclipse.jdt.internal.ui.text.java.AbstractJavaCompletionProposal,0,0,0,0,0,0,0,0,0,0,0,0,0,0,0,0,0,0
org.eclipse.jdt.internal.ui.text.java.CompletionProposalComputerRegistry,0,0,0,0,0,0,0,0,0,0,0,0,0,0,0,0,0,0
org.eclipse.jdt.internal.ui.text.java.JavaCompletionProposal,0,0,0,0,0,0,0,0,0,0,0,0,0,0,0,0,0,0
org.eclipse.jdt.internal.ui.text.java.JavaNoTypeCompletionProposalComputer,0,0,0,0,0,0,0,0,0,0,0,0,0,0,0,0,0,0
org.eclipse.jdt.internal.ui.text.java.JavaTypeCompletionProposalComputer,0,0,0,0,0,0,0,0,0,0,0,0,0,0,0,0,0,0
org.eclipse.jdt.internal.ui.util.ExceptionHandler,0,0,0,0,0,0,0,0,0,0,0,0,0,0,0,0,0,0
org.eclipse.jdt.junit.launcher.JUnitLaunchConfigurationDelegate,0,0,0,0,0,0,0,0,0,0,0,0,0,0,0,0,0,0
org.eclipse.jdt.junit.launcher.JUnitLaunchConfigurationTab,0,0,0,0,0,0,0,0,0,0,0,0,0,0,0,0,0,0
org.eclipse.jdt.launching.IJavaLaunchConfigurationConstants,0,0,0,0,0,0,0,0,0,0,0,0,0,0,0,0,0,0
org.eclipse.jdt.ui.JavaElementImageDescriptor,0,0,0,0,0,0,0,0,0,0,0,0,0,0,0,0,0,0
org.eclipse.jdt.ui.JavaUI,0,0,0,0,0,0,0,0,0,0,0,0,0,0,0,0,0,0
org.eclipse.jdt.ui.StandardJavaElementContentProvider,0,0,0,0,0,0,0,0,0,0,0,0,0,0,0,0,0,0
org.eclipse.jdt.ui.search.ElementQuerySpecification,0,0,0,0,0,0,0,0,0,0,0,0,0,0,0,0,0,0
org.eclipse.jdt.ui.search.QuerySpecification,0,0,0,0,0,0,0,0,0,0,0,0,0,0,0,0,0,0
org.eclipse.jdt.ui.text.IColorManager,0,0,0,0,0,0,0,0,0,0,0,0,0,0,0,0,0,0
org.eclipse.jdt.ui.text.JavaSourceViewerConfiguration,0,0,0,0,0,0,0,0,0,0,0,0,0,0,0,0,0,0
org.eclipse.jdt.ui.text.folding.IJavaFoldingPreferenceBlock,0,0,0,0,0,0,0,0,0,0,0,0,0,0,0,0,0,0
org.eclipse.jdt.ui.text.folding.IJavaFoldingStructureProviderExtension,0,0,0,0,0,0,0,0,0,0,0,0,0,0,0,0,0,0
org.eclipse.jdt.ui.text.java.CompletionProposalCollector,0,0,0,0,0,0,0,0,0,0,0,0,0,0,0,0,0,0
org.eclipse.jdt.ui.text.java.ContentAssistInvocationContext,0,0,0,0,0,0,0,0,0,0,0,0,0,0,0,0,0,0
org.eclipse.jdt.ui.text.java.IJavaCompletionProposalComputer,0,0,0,0,0,0,0,0,0,0,0,0,0,0,0,0,0,0
org.eclipse.jdt.ui.text.java.JavaContentAssistInvocationContext,0,0,0,0,0,0,0,0,0,0,0,0,0,0,0,0,0,0
org.eclipse.jface.action.Action,0,0,0,0,0,0,0,0,0,0,0,0,0,0,0,0,0,0
org.eclipse.jface.action.ActionContributionItem,0,0,0,0,0,0,0,0,0,0,0,0,0,0,0,0,0,0
org.eclipse.jface.action.GroupMarker,0,0,0,0,0,0,0,0,0,0,0,0,0,0,0,0,0,0
org.eclipse.jface.action.IAction,0,0,0,0,0,0,0,0,0,0,0,0,0,0,0,0,0,0
org.eclipse.jface.action.IContributionItem,0,0,0,0,0,0,0,0,0,0,0,0,0,0,0,0,0,0
org.eclipse.jface.action.ICoolBarManager,0,0,0,0,0,0,0,0,0,0,0,0,0,0,0,0,0,0
org.eclipse.jface.action.IMenuCreator,0,0,0,0,0,0,0,0,0,0,0,0,0,0,0,0,0,0
org.eclipse.jface.action.IMenuListener,0,0,0,0,0,0,0,0,0,0,0,0,0,0,0,0,0,0
org.eclipse.jface.action.IMenuManager,0,0,0,0,0,0,0,0,0,0,0,0,0,0,0,0,0,0
org.eclipse.jface.action.IStatusLineManager,0,0,0,0,0,0,0,0,0,0,0,0,0,0,0,0,0,0
org.eclipse.jface.action.IToolBarManager,0,0,0,0,0,0,0,0,0,0,0,0,0,0,0,0,0,0
org.eclipse.jface.action.MenuManager,0,0,0,0,0,0,0,0,0,0,0,0,0,0,0,0,0,0
org.eclipse.jface.action.Separator,0,0,0,0,0,0,0,0,0,0,0,0,0,0,0,0,0,0
org.eclipse.jface.action.ToolBarManager,0,0,0,0,0,0,0,0,0,0,0,0,0,0,0,0,0,0
org.eclipse.jface.bindings.keys.IKeyLookup,0,0,0,0,0,0,0,0,0,0,0,0,0,0,0,0,0,0
org.eclipse.jface.bindings.keys.KeyLookupFactory,0,0,0,0,0,0,0,0,0,0,0,0,0,0,0,0,0,0
org.eclipse.jface.commands.ActionHandler,0,0,0,0,0,0,0,0,0,0,0,0,0,0,0,0,0,0
org.eclipse.jface.dialogs.Dialog,0,0,0,0,0,0,0,0,0,0,0,0,0,0,0,0,0,0
org.eclipse.jface.dialogs.DialogPage,0,0,0,0,0,0,0,0,0,0,0,0,0,0,0,0,0,0
org.eclipse.jface.dialogs.IDialogConstants,0,0,0,0,0,0,0,0,0,0,0,0,0,0,0,0,0,0
org.eclipse.jface.dialogs.IDialogPage,0,0,0,0,0,0,0,0,0,0,0,0,0,0,0,0,0,0
org.eclipse.jface.dialogs.IDialogSettings,0,0,0,0,0,0,0,0,0,0,0,0,0,0,0,0,0,0
org.eclipse.jface.dialogs.InputDialog,0,0,0,0,0,0,0,0,0,0,0,0,0,0,0,0,0,0
org.eclipse.jface.dialogs.MessageDialog,0,0,0,0,0,0,0,0,0,0,0,0,0,0,0,0,0,0
org.eclipse.jface.dialogs.MessageDialogWithToggle,0,0,0,0,0,0,0,0,0,0,0,0,0,0,0,0,0,0
org.eclipse.jface.dialogs.PopupDialog,0,0,0,0,0,0,0,0,0,0,0,0,0,0,0,0,0,0
org.eclipse.jface.dialogs.TitleAreaDialog,0,0,0,0,0,0,0,0,0,0,0,0,0,0,0,0,0,0
org.eclipse.jface.fieldassist.ComboContentAdapter,0,0,0,0,0,0,0,0,0,0,0,0,0,0,0,0,0,0
org.eclipse.jface.fieldassist.ControlDecoration,0,0,0,0,0,0,0,0,0,0,0,0,0,0,0,0,0,0
org.eclipse.jface.fieldassist.FieldDecoration,0,0,0,0,0,0,0,0,0,0,0,0,0,0,0,0,0,0
org.eclipse.jface.fieldassist.FieldDecorationRegistry,0,0,0,0,0,0,0,0,0,0,0,0,0,0,0,0,0,0
org.eclipse.jface.fieldassist.IContentProposal,0,0,0,0,0,0,0,0,0,0,0,0,0,0,0,0,0,0
org.eclipse.jface.fieldassist.IContentProposalProvider,0,0,0,0,0,0,0,0,0,0,0,0,0,0,0,0,0,0
org.eclipse.jface.fieldassist.TextContentAdapter,0,0,0,0,0,0,0,0,0,0,0,0,0,0,0,0,0,0
org.eclipse.jface.layout.GridDataFactory,0,0,0,0,0,0,0,0,0,0,0,0,0,0,0,0,0,0
org.eclipse.jface.layout.GridLayoutFactory,0,0,0,0,0,0,0,0,0,0,0,0,0,0,0,0,0,0
org.eclipse.jface.layout.TreeColumnLayout,0,0,0,0,0,0,0,0,0,0,0,0,0,0,0,0,0,0
org.eclipse.jface.operation.IRunnableContext,0,0,0,0,0,0,0,0,0,0,0,0,0,0,0,0,0,0
org.eclipse.jface.operation.IRunnableWithProgress,0,0,0,0,0,0,0,0,0,0,0,0,0,0,0,0,0,0
org.eclipse.jface.preference.IPreferencePageContainer,0,0,0,0,0,0,0,0,0,0,0,0,0,0,0,0,0,0
org.eclipse.jface.preference.IPreferenceStore,0,0,0,0,0,0,0,0,0,0,0,0,0,0,0,0,0,0
org.eclipse.jface.preference.PreferenceDialog,0,0,0,0,0,0,0,0,0,0,0,0,0,0,0,0,0,0
org.eclipse.jface.preference.PreferencePage,0,0,0,0,0,0,0,0,0,0,0,0,0,0,0,0,0,0
org.eclipse.jface.preference.StringFieldEditor,0,0,0,0,0,0,0,0,0,0,0,0,0,0,0,0,0,0
org.eclipse.jface.resource.ColorRegistry,0,0,0,0,0,0,0,0,0,0,0,0,0,0,0,0,0,0
org.eclipse.jface.resource.CompositeImageDescriptor,0,0,0,0,0,0,0,0,0,0,0,0,0,0,0,0,0,0
org.eclipse.jface.resource.FontRegistry,0,0,0,0,0,0,0,0,0,0,0,0,0,0,0,0,0,0
org.eclipse.jface.resource.ImageDescriptor,0,0,0,0,0,0,0,0,0,0,0,0,0,0,0,0,0,0
org.eclipse.jface.resource.ImageRegistry,0,0,0,0,0,0,0,0,0,0,0,0,0,0,0,0,0,0
org.eclipse.jface.resource.JFaceColors,0,0,0,0,0,0,0,0,0,0,0,0,0,0,0,0,0,0
org.eclipse.jface.resource.JFaceResources,0,0,0,0,0,0,0,0,0,0,0,0,0,0,0,0,0,0
org.eclipse.jface.resource.LocalResourceManager,0,0,0,0,0,0,0,0,0,0,0,0,0,0,0,0,0,0
org.eclipse.jface.resource.ResourceManager,0,0,0,0,0,0,0,0,0,0,0,0,0,0,0,0,0,0
org.eclipse.jface.text.DefaultInformationControl,0,0,0,0,0,0,0,0,0,0,0,0,0,0,0,0,0,0
org.eclipse.jface.text.Document,0,0,0,0,0,0,0,0,0,0,0,0,0,0,0,0,0,0
org.eclipse.jface.text.IDocument,0,0,0,0,0,0,0,0,0,0,0,0,0,0,0,0,0,0
org.eclipse.jface.text.IInformationControl,0,0,0,0,0,0,0,0,0,0,0,0,0,0,0,0,0,0
org.eclipse.jface.text.IInformationControlCreator,0,0,0,0,0,0,0,0,0,0,0,0,0,0,0,0,0,0
org.eclipse.jface.text.IInformationControlExtension,0,0,0,0,0,0,0,0,0,0,0,0,0,0,0,0,0,0
org.eclipse.jface.text.IInformationControlExtension2,0,0,0,0,0,0,0,0,0,0,0,0,0,0,0,0,0,0
org.eclipse.jface.text.IRegion,0,0,0,0,0,0,0,0,0,0,0,0,0,0,0,0,0,0
org.eclipse.jface.text.ITextHover,0,0,0,0,0,0,0,0,0,0,0,0,0,0,0,0,0,0
org.eclipse.jface.text.ITextListener,0,0,0,0,0,0,0,0,0,0,0,0,0,0,0,0,0,0
org.eclipse.jface.text.ITextSelection,0,0,0,0,0,0,0,0,0,0,0,0,0,0,0,0,0,0
org.eclipse.jface.text.ITextViewer,0,0,0,0,0,0,0,0,0,0,0,0,0,0,0,0,0,0
org.eclipse.jface.text.Position,0,0,0,0,0,0,0,0,0,0,0,0,0,0,0,0,0,0
org.eclipse.jface.text.Region,0,0,0,0,0,0,0,0,0,0,0,0,0,0,0,0,0,0
org.eclipse.jface.text.TextAttribute,0,0,0,0,0,0,0,0,0,0,0,0,0,0,0,0,0,0
org.eclipse.jface.text.TextPresentation,0,0,0,0,0,0,0,0,0,0,0,0,0,0,0,0,0,0
org.eclipse.jface.text.TextSelection,0,0,0,0,0,0,0,0,0,0,0,0,0,0,0,0,0,0
org.eclipse.jface.text.TextViewer,0,0,0,0,0,0,0,0,0,0,0,0,0,0,0,0,0,0
org.eclipse.jface.text.contentassist.CompletionProposal,0,0,0,0,0,0,0,0,0,0,0,0,0,0,0,0,0,0
org.eclipse.jface.text.contentassist.ContentAssistant,0,0,0,0,0,0,0,0,0,0,0,0,0,0,0,0,0,0
org.eclipse.jface.text.contentassist.ICompletionProposal,0,0,0,0,0,0,0,0,0,0,0,0,0,0,0,0,0,0
org.eclipse.jface.text.contentassist.IContentAssistProcessor,0,0,0,0,0,0,0,0,0,0,0,0,0,0,0,0,0,0
org.eclipse.jface.text.contentassist.IContentAssistant,0,0,0,0,0,0,0,0,0,0,0,0,0,0,0,0,0,0
org.eclipse.jface.text.contentassist.IContextInformation,0,0,0,0,0,0,0,0,0,0,0,0,0,0,0,0,0,0
org.eclipse.jface.text.contentassist.IContextInformationValidator,0,0,0,0,0,0,0,0,0,0,0,0,0,0,0,0,0,0
org.eclipse.jface.text.hyperlink.AbstractHyperlinkDetector,0,0,0,0,0,0,0,0,0,0,0,0,0,0,0,0,0,0
org.eclipse.jface.text.hyperlink.DefaultHyperlinkPresenter,0,0,0,0,0,0,0,0,0,0,0,0,0,0,0,0,0,0
org.eclipse.jface.text.hyperlink.IHyperlink,0,0,0,0,0,0,0,0,0,0,0,0,0,0,0,0,0,0
org.eclipse.jface.text.hyperlink.IHyperlinkDetector,0,0,0,0,0,0,0,0,0,0,0,0,0,0,0,0,0,0
org.eclipse.jface.text.hyperlink.IHyperlinkPresenter,0,0,0,0,0,0,0,0,0,0,0,0,0,0,0,0,0,0
org.eclipse.jface.text.hyperlink.URLHyperlink,0,0,0,0,0,0,0,0,0,0,0,0,0,0,0,0,0,0
org.eclipse.jface.text.presentation.IPresentationReconciler,0,0,0,0,0,0,0,0,0,0,0,0,0,0,0,0,0,0
org.eclipse.jface.text.presentation.PresentationReconciler,0,0,0,0,0,0,0,0,0,0,0,0,0,0,0,0,0,0
org.eclipse.jface.text.reconciler.DirtyRegion,0,0,0,0,0,0,0,0,0,0,0,0,0,0,0,0,0,0
org.eclipse.jface.text.reconciler.IReconciler,0,0,0,0,0,0,0,0,0,0,0,0,0,0,0,0,0,0
org.eclipse.jface.text.reconciler.IReconcilerExtension,0,0,0,0,0,0,0,0,0,0,0,0,0,0,0,0,0,0
org.eclipse.jface.text.reconciler.IReconcilingStrategy,0,0,0,0,0,0,0,0,0,0,0,0,0,0,0,0,0,0
org.eclipse.jface.text.rules.DefaultDamagerRepairer,0,0,0,0,0,0,0,0,0,0,0,0,0,0,0,0,0,0
org.eclipse.jface.text.rules.MultiLineRule,0,0,0,0,0,0,0,0,0,0,0,0,0,0,0,0,0,0
org.eclipse.jface.text.rules.RuleBasedScanner,0,0,0,0,0,0,0,0,0,0,0,0,0,0,0,0,0,0
org.eclipse.jface.text.rules.SingleLineRule,0,0,0,0,0,0,0,0,0,0,0,0,0,0,0,0,0,0
org.eclipse.jface.text.rules.Token,0,0,0,0,0,0,0,0,0,0,0,0,0,0,0,0,0,0
org.eclipse.jface.text.source.Annotation,0,0,0,0,0,0,0,0,0,0,0,0,0,0,0,0,0,0
org.eclipse.jface.text.source.AnnotationModel,0,0,0,0,0,0,0,0,0,0,0,0,0,0,0,0,0,0
org.eclipse.jface.text.source.IAnnotationAccess,0,0,0,0,0,0,0,0,0,0,0,0,0,0,0,0,0,0
org.eclipse.jface.text.source.IAnnotationAccessExtension,0,0,0,0,0,0,0,0,0,0,0,0,0,0,0,0,0,0
org.eclipse.jface.text.source.IAnnotationHover,0,0,0,0,0,0,0,0,0,0,0,0,0,0,0,0,0,0
org.eclipse.jface.text.source.IAnnotationModel,0,0,0,0,0,0,0,0,0,0,0,0,0,0,0,0,0,0
org.eclipse.jface.text.source.IOverviewRuler,0,0,0,0,0,0,0,0,0,0,0,0,0,0,0,0,0,0
org.eclipse.jface.text.source.ISharedTextColors,0,0,0,0,0,0,0,0,0,0,0,0,0,0,0,0,0,0
org.eclipse.jface.text.source.ISourceViewer,0,0,0,0,0,0,0,0,0,0,0,0,0,0,0,0,0,0
org.eclipse.jface.text.source.IVerticalRuler,0,0,0,0,0,0,0,0,0,0,0,0,0,0,0,0,0,0
org.eclipse.jface.text.source.ImageUtilities,0,0,0,0,0,0,0,0,0,0,0,0,0,0,0,0,0,0
org.eclipse.jface.text.source.SourceViewer,0,0,0,0,0,0,0,0,0,0,0,0,0,0,0,0,0,0
org.eclipse.jface.util.Assert,0,0,0,0,0,0,0,0,0,0,0,0,0,0,0,0,0,0
org.eclipse.jface.util.IPropertyChangeListener,0,0,0,0,0,0,0,0,0,0,0,0,0,0,0,0,0,0
org.eclipse.jface.util.LocalSelectionTransfer,0,0,0,0,0,0,0,0,0,0,0,0,0,0,0,0,0,0
org.eclipse.jface.util.PropertyChangeEvent,0,0,0,0,0,0,0,0,0,0,0,0,0,0,0,0,0,0
org.eclipse.jface.util.SafeRunnable,0,0,0,0,0,0,0,0,0,0,0,0,0,0,0,0,0,0
org.eclipse.jface.util.TransferDragSourceListener,0,0,0,0,0,0,0,0,0,0,0,0,0,0,0,0,0,0
org.eclipse.jface.viewers.ArrayContentProvider,0,0,0,0,0,0,0,0,0,0,0,0,0,0,0,0,0,0
org.eclipse.jface.viewers.CellEditor,0,0,0,0,0,0,0,0,0,0,0,0,0,0,0,0,0,0
org.eclipse.jface.viewers.CheckStateChangedEvent,0,0,0,0,0,0,0,0,0,0,0,0,0,0,0,0,0,0
org.eclipse.jface.viewers.CheckboxTableViewer,0,0,0,0,0,0,0,0,0,0,0,0,0,0,0,0,0,0
org.eclipse.jface.viewers.CheckboxTreeViewer,0,0,0,0,0,0,0,0,0,0,0,0,0,0,0,0,0,0
org.eclipse.jface.viewers.ColumnLabelProvider,0,0,0,0,0,0,0,0,0,0,0,0,0,0,0,0,0,0
org.eclipse.jface.viewers.ColumnLayoutData,0,0,0,0,0,0,0,0,0,0,0,0,0,0,0,0,0,0
org.eclipse.jface.viewers.ColumnPixelData,0,0,0,0,0,0,0,0,0,0,0,0,0,0,0,0,0,0
org.eclipse.jface.viewers.ColumnViewerToolTipSupport,0,0,0,0,0,0,0,0,0,0,0,0,0,0,0,0,0,0
org.eclipse.jface.viewers.ColumnWeightData,0,0,0,0,0,0,0,0,0,0,0,0,0,0,0,0,0,0
org.eclipse.jface.viewers.ComboViewer,0,0,0,0,0,0,0,0,0,0,0,0,0,0,0,0,0,0
org.eclipse.jface.viewers.DecoratingLabelProvider,0,0,0,0,0,0,0,0,0,0,0,0,0,0,0,0,0,0
org.eclipse.jface.viewers.DoubleClickEvent,0,0,0,0,0,0,0,0,0,0,0,0,0,0,0,0,0,0
org.eclipse.jface.viewers.IBaseLabelProvider,0,0,0,0,0,0,0,0,0,0,0,0,0,0,0,0,0,0
org.eclipse.jface.viewers.ICellModifier,0,0,0,0,0,0,0,0,0,0,0,0,0,0,0,0,0,0
org.eclipse.jface.viewers.ICheckStateListener,0,0,0,0,0,0,0,0,0,0,0,0,0,0,0,0,0,0
org.eclipse.jface.viewers.IColorDecorator,0,0,0,0,0,0,0,0,0,0,0,0,0,0,0,0,0,0
org.eclipse.jface.viewers.IColorProvider,0,0,0,0,0,0,0,0,0,0,0,0,0,0,0,0,0,0
org.eclipse.jface.viewers.IContentProvider,0,0,0,0,0,0,0,0,0,0,0,0,0,0,0,0,0,0
org.eclipse.jface.viewers.IDecoration,0,0,0,0,0,0,0,0,0,0,0,0,0,0,0,0,0,0
org.eclipse.jface.viewers.IDoubleClickListener,0,0,0,0,0,0,0,0,0,0,0,0,0,0,0,0,0,0
org.eclipse.jface.viewers.IElementComparer,0,0,0,0,0,0,0,0,0,0,0,0,0,0,0,0,0,0
org.eclipse.jface.viewers.IFontDecorator,0,0,0,0,0,0,0,0,0,0,0,0,0,0,0,0,0,0
org.eclipse.jface.viewers.IFontProvider,0,0,0,0,0,0,0,0,0,0,0,0,0,0,0,0,0,0
org.eclipse.jface.viewers.ILabelDecorator,0,0,0,0,0,0,0,0,0,0,0,0,0,0,0,0,0,0
org.eclipse.jface.viewers.ILabelProvider,0,0,0,0,0,0,0,0,0,0,0,0,0,0,0,0,0,0
org.eclipse.jface.viewers.ILabelProviderListener,0,0,0,0,0,0,0,0,0,0,0,0,0,0,0,0,0,0
org.eclipse.jface.viewers.ILightweightLabelDecorator,0,0,0,0,0,0,0,0,0,0,0,0,0,0,0,0,0,0
org.eclipse.jface.viewers.IOpenListener,0,0,0,0,0,0,0,0,0,0,0,0,0,0,0,0,0,0
org.eclipse.jface.viewers.ISelection,0,0,0,0,0,0,0,0,0,0,0,0,0,0,0,0,0,0
org.eclipse.jface.viewers.ISelectionChangedListener,0,0,0,0,0,0,0,0,0,0,0,0,0,0,0,0,0,0
org.eclipse.jface.viewers.ISelectionProvider,0,0,0,0,0,0,0,0,0,0,0,0,0,0,0,0,0,0
org.eclipse.jface.viewers.IStructuredContentProvider,0,0,0,0,0,0,0,0,0,0,0,0,0,0,0,0,0,0
org.eclipse.jface.viewers.IStructuredSelection,0,0,0,0,0,0,0,0,0,0,0,0,0,0,0,0,0,0
org.eclipse.jface.viewers.ITableColorProvider,0,0,0,0,0,0,0,0,0,0,0,0,0,0,0,0,0,0
org.eclipse.jface.viewers.ITableFontProvider,0,0,0,0,0,0,0,0,0,0,0,0,0,0,0,0,0,0
org.eclipse.jface.viewers.ITableLabelProvider,0,0,0,0,0,0,0,0,0,0,0,0,0,0,0,0,0,0
org.eclipse.jface.viewers.ITreeContentProvider,0,0,0,0,0,0,0,0,0,0,0,0,0,0,0,0,0,0
org.eclipse.jface.viewers.ITreeSelection,0,0,0,0,0,0,0,0,0,0,0,0,0,0,0,0,0,0
org.eclipse.jface.viewers.ITreeViewerListener,0,0,0,0,0,0,0,0,0,0,0,0,0,0,0,0,0,0
org.eclipse.jface.viewers.LabelProvider,0,0,0,0,0,0,0,0,0,0,0,0,0,0,0,0,0,0
org.eclipse.jface.viewers.ListViewer,0,0,0,0,0,0,0,0,0,0,0,0,0,0,0,0,0,0
org.eclipse.jface.viewers.OpenEvent,0,0,0,0,0,0,0,0,0,0,0,0,0,0,0,0,0,0
org.eclipse.jface.viewers.SelectionChangedEvent,0,0,0,0,0,0,0,0,0,0,0,0,0,0,0,0,0,0
org.eclipse.jface.viewers.StructuredSelection,0,0,0,0,0,0,0,0,0,0,0,0,0,0,0,0,0,0
org.eclipse.jface.viewers.StructuredViewer,0,0,0,0,0,0,0,0,0,0,0,0,0,0,0,0,0,0
org.eclipse.jface.viewers.TableViewer,0,0,0,0,0,0,0,0,0,0,0,0,0,0,0,0,0,0
org.eclipse.jface.viewers.TextCellEditor,0,0,0,0,0,0,0,0,0,0,0,0,0,0,0,0,0,0
org.eclipse.jface.viewers.TreeExpansionEvent,0,0,0,0,0,0,0,0,0,0,0,0,0,0,0,0,0,0
org.eclipse.jface.viewers.TreePath,0,0,0,0,0,0,0,0,0,0,0,0,0,0,0,0,0,0
org.eclipse.jface.viewers.TreeSelection,0,0,0,0,0,0,0,0,0,0,0,0,0,0,0,0,0,0
org.eclipse.jface.viewers.TreeViewer,0,0,0,0,0,0,0,0,0,0,0,0,0,0,0,0,0,0
org.eclipse.jface.viewers.Viewer,0,0,0,0,0,0,0,0,0,0,0,0,0,0,0,0,0,0
org.eclipse.jface.viewers.ViewerCell,0,0,0,0,0,0,0,0,0,0,0,0,0,0,0,0,0,0
org.eclipse.jface.viewers.ViewerComparator,0,0,0,0,0,0,0,0,0,0,0,0,0,0,0,0,0,0
org.eclipse.jface.viewers.ViewerDropAdapter,0,0,0,0,0,0,0,0,0,0,0,0,0,0,0,0,0,0
org.eclipse.jface.viewers.ViewerFilter,0,0,0,0,0,0,0,0,0,0,0,0,0,0,0,0,0,0
org.eclipse.jface.viewers.ViewerSorter,0,0,0,0,0,0,0,0,0,0,0,0,0,0,0,0,0,0
org.eclipse.jface.window.IShellProvider,0,0,0,0,0,0,0,0,0,0,0,0,0,0,0,0,0,0
org.eclipse.jface.window.ToolTip,0,0,0,0,0,0,0,0,0,0,0,0,0,0,0,0,0,0
org.eclipse.jface.window.Window,0,0,0,0,0,0,0,0,0,0,0,0,0,0,0,0,0,0
org.eclipse.jface.wizard.IWizard,0,0,0,0,0,0,0,0,0,0,0,0,0,0,0,0,0,0
org.eclipse.jface.wizard.IWizardContainer,0,0,0,0,0,0,0,0,0,0,0,0,0,0,0,0,0,0
org.eclipse.jface.wizard.IWizardNode,0,0,0,0,0,0,0,0,0,0,0,0,0,0,0,0,0,0
org.eclipse.jface.wizard.IWizardPage,0,0,0,0,0,0,0,0,0,0,0,0,0,0,0,0,0,0
org.eclipse.jface.wizard.Wizard,0,0,0,0,0,0,0,0,0,0,0,0,0,0,0,0,0,0
org.eclipse.jface.wizard.WizardDialog,0,0,0,0,0,0,0,0,0,0,0,0,0,0,0,0,0,0
org.eclipse.jface.wizard.WizardPage,0,0,0,0,0,0,0,0,0,0,0,0,0,0,0,0,0,0
org.eclipse.jface.wizard.WizardSelectionPage,0,0,0,0,0,0,0,0,0,0,0,0,0,0,0,0,0,0
org.eclipse.mylyn.commons.core.AbstractErrorReporter,1,0,0,0,0,1,0,0,0,0,0,0,0,1,0,0,0,0
org.eclipse.mylyn.commons.core.CoreUtil,0,0,1,0,0,0,0,0,0,0,0,0,0,0,0,0,0,0
org.eclipse.mylyn.commons.core.DateUtil,0,0,1,0,0,0,0,0,0,0,0,0,0,0,0,0,0,0
org.eclipse.mylyn.commons.core.StatusHandler,0,0,0,0,0,0,0,0,0,0,0,0,0,0,0,0,0,0
org.eclipse.mylyn.commons.net.AbstractWebLocation,0,0,0,0,0,0,0,0,0,0,0,0,0,1,0,0,0,0
org.eclipse.mylyn.commons.net.AuthenticationCredentials,0,0,1,0,0,0,0,0,0,0,0,0,0,0,0,0,0,0
org.eclipse.mylyn.commons.net.AuthenticationType,0,0,0,0,0,0,0,0,0,0,0,0,0,0,0,0,0,0
org.eclipse.mylyn.commons.net.HtmlStreamTokenizer,0,0,0,0,0,0,1,0,0,0,0,0,0,0,0,0,0,0
org.eclipse.mylyn.commons.net.HtmlStreamTokenizer.Token.Type,0,0,0,0,0,0,0,0,0,0,0,0,0,0,0,0,0,0
org.eclipse.mylyn.commons.net.HtmlTag,0,0,1,0,0,0,1,0,0,0,0,0,0,0,0,0,0,0
org.eclipse.mylyn.commons.net.IProxyProvider,0,0,0,0,0,0,0,0,0,0,0,0,0,0,0,0,0,0
org.eclipse.mylyn.commons.net.Policy,1,0,0,0,0,1,0,0,0,0,0,0,0,0,0,0,0,0
org.eclipse.mylyn.commons.net.UnsupportedRequestException,0,0,0,0,0,0,0,0,0,0,0,0,0,0,0,0,0,0
org.eclipse.mylyn.commons.net.WebLocation,0,0,0,0,0,0,0,0,0,0,0,0,0,0,1,0,0,0
org.eclipse.mylyn.commons.net.WebRequest,0,0,0,0,0,0,0,0,1,1,0,0,0,0,0,0,0,0
org.eclipse.mylyn.commons.net.WebUtil,0,0,0,0,0,0,1,0,0,0,1,0,1,0,0,0,0,0
org.eclipse.mylyn.context.core.AbstractContextListener,0,0,0,0,0,0,0,0,0,0,0,0,0,1,0,0,0,0
org.eclipse.mylyn.context.core.AbstractContextStructureBridge,0,0,0,0,0,0,0,0,0,0,0,0,0,0,0,0,0,0
org.eclipse.mylyn.context.core.ContextCore,0,0,1,0,0,0,0,0,0,0,0,0,0,0,0,0,0,0
org.eclipse.mylyn.context.core.IContextStore,0,0,0,0,0,0,0,0,0,0,0,0,0,0,0,0,0,0
org.eclipse.mylyn.context.core.IDegreeOfInterest,0,0,0,0,0,0,0,0,0,0,0,0,0,0,0,0,0,0
org.eclipse.mylyn.context.core.IImplicitlyIntersting,0,0,0,0,0,0,0,0,0,0,0,0,0,0,0,0,0,0
org.eclipse.mylyn.context.core.IInteractionContext,0,0,0,0,0,0,0,0,0,0,0,0,0,0,0,0,0,0
org.eclipse.mylyn.context.core.IInteractionContextManager,0,0,0,0,0,0,0,0,0,0,0,0,0,0,0,0,0,0
org.eclipse.mylyn.context.core.IInteractionContextScaling,0,0,0,0,0,0,0,0,0,0,0,0,0,0,0,0,0,0
org.eclipse.mylyn.context.core.IInteractionElement,0,0,0,0,0,0,0,0,0,0,0,0,0,0,0,0,0,0
org.eclipse.mylyn.context.core.IInteractionObject,0,0,0,0,0,0,0,0,0,0,0,0,0,0,0,0,0,0
org.eclipse.mylyn.context.core.IInteractionRelation,0,0,0,0,0,0,0,0,0,0,0,0,0,0,0,0,0,0
org.eclipse.mylyn.context.core.InterestComparator,0,0,0,0,0,0,0,0,1,1,0,0,0,0,0,0,0,0
org.eclipse.mylyn.context.ui.AbstractAutoFocusViewAction,0,0,0,0,0,0,0,0,0,0,0,0,0,1,0,0,0,0
org.eclipse.mylyn.context.ui.AbstractContextUiBridge,0,0,0,0,0,0,0,0,0,0,0,0,0,1,0,0,0,0
org.eclipse.mylyn.context.ui.AbstractFocusViewAction,0,0,0,1,0,0,1,1,0,0,1,0,0,0,0,0,0,0
org.eclipse.mylyn.context.ui.ContextUi,0,0,1,0,0,0,0,0,0,0,0,0,0,0,0,0,0,0
org.eclipse.mylyn.context.ui.IContextAwareEditor,0,0,0,0,0,0,0,0,0,0,0,0,0,0,0,0,0,0
org.eclipse.mylyn.context.ui.IContextUiStartup,0,0,0,0,0,0,0,0,0,0,0,0,0,0,0,0,0,0
org.eclipse.mylyn.context.ui.InterestFilter,0,0,0,0,0,0,0,0,0,0,1,0,0,0,0,0,0,0
org.eclipse.mylyn.context.ui.InterestSorter,0,0,0,0,0,0,0,0,0,0,0,0,0,0,0,0,0,0
org.eclipse.mylyn.ide.ui.AbstractFocusMarkerViewAction,0,0,0,0,0,0,0,0,0,0,0,0,0,1,0,1,1,0
org.eclipse.mylyn.ide.ui.AbstractMarkerInterestFilter,0,0,0,0,0,0,0,0,0,0,0,0,1,0,0,1,1,0
org.eclipse.mylyn.internal.bugzilla.core.AbstractReportFactory,0,0,0,0,0,0,0,0,0,0,0,0,0,1,0,0,0,0
org.eclipse.mylyn.internal.bugzilla.core.BugzillaAttribute,0,0,0,0,0,0,0,1,0,0,0,1,0,0,0,0,0,0
org.eclipse.mylyn.internal.bugzilla.core.BugzillaAttributeMapper,0,0,0,0,0,0,1,0,0,0,1,0,0,0,0,0,0,0
org.eclipse.mylyn.internal.bugzilla.core.BugzillaClient,0,0,0,1,0,0,1,1,0,0,0,1,1,0,0,0,0,0
org.eclipse.mylyn.internal.bugzilla.core.BugzillaClientFactory,0,0,0,0,0,0,0,0,0,0,0,0,1,0,0,0,0,0
org.eclipse.mylyn.internal.bugzilla.core.BugzillaClientManager,0,1,0,0,0,0,0,0,0,0,0,0,1,0,0,0,0,0
org.eclipse.mylyn.internal.bugzilla.core.BugzillaCorePlugin,0,0,0,0,0,0,1,0,0,0,1,0,1,0,0,0,0,0
org.eclipse.mylyn.internal.bugzilla.core.BugzillaCustomField,0,0,1,0,0,0,0,0,0,0,0,0,0,0,0,0,0,0
org.eclipse.mylyn.internal.bugzilla.core.BugzillaFlag,0,0,1,0,0,0,0,0,0,0,0,1,0,0,0,0,0,0
org.eclipse.mylyn.internal.bugzilla.core.BugzillaLanguageSettings,0,0,1,0,0,0,0,0,0,0,0,0,0,0,0,0,0,0
org.eclipse.mylyn.internal.bugzilla.core.BugzillaMessages,1,0,0,0,0,1,0,0,0,0,0,0,0,0,0,0,0,0
org.eclipse.mylyn.internal.bugzilla.core.BugzillaOperation,0,0,0,0,0,0,0,0,0,0,0,1,0,0,0,0,0,0
org.eclipse.mylyn.internal.bugzilla.core.BugzillaRepositoryConnector,0,0,0,0,0,0,1,0,0,0,1,1,1,0,0,0,0,0
org.eclipse.mylyn.internal.bugzilla.core.BugzillaStatus,0,0,1,0,0,0,0,0,0,0,1,1,0,0,0,0,0,0
org.eclipse.mylyn.internal.bugzilla.core.BugzillaTaskAttachmentHandler,0,0,0,0,0,0,0,0,0,0,1,1,1,0,1,0,0,0
org.eclipse.mylyn.internal.bugzilla.core.BugzillaTaskDataHandler,0,0,0,0,0,0,1,0,0,0,0,0,1,0,0,0,0,0
org.eclipse.mylyn.internal.bugzilla.core.BugzillaTaskDataHandler.TaskDataVersion,0,0,0,0,0,0,0,0,0,0,0,0,0,0,0,0,0,0
org.eclipse.mylyn.internal.bugzilla.core.GzipGetMethod,0,0,0,0,0,0,0,0,0,0,0,0,1,0,1,0,0,0
org.eclipse.mylyn.internal.bugzilla.core.GzipPostMethod,0,0,0,0,0,0,0,0,0,0,0,0,1,0,0,0,0,0
org.eclipse.mylyn.internal.bugzilla.core.IBugzillaConstants,0,0,0,0,0,0,0,0,0,0,0,0,0,0,0,0,0,0
org.eclipse.mylyn.internal.bugzilla.core.MultiBugReportFactory,0,0,0,0,0,0,0,0,1,1,0,0,0,0,1,0,0,0
org.eclipse.mylyn.internal.bugzilla.core.RepositoryConfiguration,0,0,0,1,0,0,1,1,0,0,0,0,0,0,0,0,0,0
org.eclipse.mylyn.internal.bugzilla.core.RepositoryConfigurationFactory,0,0,1,0,0,0,0,0,1,1,0,0,0,0,1,0,0,0
org.eclipse.mylyn.internal.bugzilla.core.RepositoryQueryResultsFactory,0,0,0,0,0,0,0,0,1,1,0,0,0,0,1,0,0,0
org.eclipse.mylyn.internal.bugzilla.core.SaxBugzillaQueryContentHandler,0,0,0,0,0,0,0,0,0,0,0,0,0,0,0,0,0,0
org.eclipse.mylyn.internal.bugzilla.core.SaxConfigurationContentHandler,0,0,0,1,0,0,1,1,0,0,0,0,0,0,0,0,0,0
org.eclipse.mylyn.internal.bugzilla.core.SaxMultiBugReportContentHandler,0,0,0,0,0,0,1,0,0,0,0,0,1,0,0,0,0,0
org.eclipse.mylyn.internal.bugzilla.core.UnrecognizedReponseException,0,0,0,0,0,0,0,0,1,1,0,0,0,0,0,0,0,0
org.eclipse.mylyn.internal.bugzilla.core.XmlCleaner,0,0,0,0,0,0,0,0,1,1,0,0,0,0,0,0,0,0
org.eclipse.mylyn.internal.bugzilla.core.history.AssignmentEvent,0,0,0,0,0,1,0,0,0,0,0,0,0,0,0,0,0,0
org.eclipse.mylyn.internal.bugzilla.core.history.AttachmentEvent,0,0,0,0,0,1,1,0,0,0,0,0,0,0,0,0,0,0
org.eclipse.mylyn.internal.bugzilla.core.history.AttachmentFlag,0,0,0,0,0,0,0,0,0,0,0,0,0,0,0,0,0,0
org.eclipse.mylyn.internal.bugzilla.core.history.AttachmentFlagState,0,0,0,0,0,0,0,0,0,0,0,0,0,0,0,0,0,0
org.eclipse.mylyn.internal.bugzilla.core.history.AttachmentFlagStatus,0,0,0,0,0,0,0,0,0,0,0,0,0,0,0,0,0,0
org.eclipse.mylyn.internal.bugzilla.core.history.BugzillaTaskHistoryParser,0,0,0,0,0,0,1,0,0,0,1,0,0,0,0,0,0,0
org.eclipse.mylyn.internal.bugzilla.core.history.ResolutionEvent,0,0,0,0,0,1,0,0,0,0,0,0,0,0,0,0,0,0
org.eclipse.mylyn.internal.bugzilla.core.history.ResolutionType,0,0,0,0,0,0,0,0,0,0,1,0,0,0,0,0,0,0
org.eclipse.mylyn.internal.bugzilla.core.history.StatusEvent,0,0,0,0,0,1,0,0,0,0,0,0,0,0,0,0,0,0
org.eclipse.mylyn.internal.bugzilla.core.history.StatusType,0,0,0,0,0,0,0,0,0,0,1,0,0,0,0,0,0,0
org.eclipse.mylyn.internal.bugzilla.core.history.TaskHistory,0,0,0,0,0,0,0,0,0,0,0,0,0,0,0,0,0,0
org.eclipse.mylyn.internal.bugzilla.core.history.TaskRevision,0,0,0,0,0,0,0,0,0,0,0,0,0,0,0,0,0,0
org.eclipse.mylyn.internal.bugzilla.ui.BugzillaImages,0,0,0,0,0,0,0,0,0,0,0,0,0,0,0,0,0,0
org.eclipse.mylyn.internal.bugzilla.ui.BugzillaSearchHandler,0,0,0,0,0,0,0,0,0,0,0,0,0,0,1,0,0,0
org.eclipse.mylyn.internal.bugzilla.ui.BugzillaUiExtensionReader,0,0,0,0,0,0,0,0,0,0,0,0,0,0,0,0,0,0
org.eclipse.mylyn.internal.bugzilla.ui.BugzillaUiPlugin,0,0,0,0,0,0,0,0,0,0,1,0,0,0,0,0,0,0
org.eclipse.mylyn.internal.bugzilla.ui.editor.BugzillaCcAttributeEditor,0,0,0,0,0,0,0,0,0,0,1,0,0,0,0,0,0,0
org.eclipse.mylyn.internal.bugzilla.ui.editor.BugzillaKeywordAttributeEditor,0,0,0,0,0,0,0,0,0,0,0,0,0,0,0,0,0,0
org.eclipse.mylyn.internal.bugzilla.ui.editor.BugzillaPeoplePart,0,0,0,0,0,0,0,0,0,0,1,0,1,0,0,0,0,0
org.eclipse.mylyn.internal.bugzilla.ui.editor.BugzillaPlanningEditorPart,0,0,0,0,0,1,0,0,0,0,0,0,1,0,0,0,0,0
org.eclipse.mylyn.internal.bugzilla.ui.editor.BugzillaTaskEditorPage,0,0,0,0,0,0,0,0,0,0,0,0,0,0,0,0,0,0
org.eclipse.mylyn.internal.bugzilla.ui.editor.BugzillaTaskEditorPageFactory,0,0,0,0,0,0,0,0,0,0,0,0,0,0,1,0,0,0
org.eclipse.mylyn.internal.bugzilla.ui.editor.BugzillaVotesEditor,0,0,0,0,0,0,0,0,0,0,0,0,0,0,0,0,0,0
org.eclipse.mylyn.internal.bugzilla.ui.editor.KeywordsDialog,0,0,0,0,0,0,0,0,0,0,1,0,0,0,0,0,0,0
org.eclipse.mylyn.internal.bugzilla.ui.search.BugzillaSearchPage,0,0,0,1,0,0,1,1,0,0,0,0,1,0,0,0,0,0
org.eclipse.mylyn.internal.bugzilla.ui.search.BugzillaSearchPage.ModifyListenerImplementation,0,0,0,0,0,0,0,0,0,0,0,0,0,0,0,0,0,0
org.eclipse.mylyn.internal.bugzilla.ui.search.BugzillaSeveritySearchSorter,0,0,0,0,0,0,0,0,0,0,0,0,0,0,0,0,0,0
org.eclipse.mylyn.internal.bugzilla.ui.search.BugzillaStateSearchSorter,0,0,0,0,0,0,0,0,0,0,0,0,0,0,0,0,0,0
org.eclipse.mylyn.internal.bugzilla.ui.tasklist.BugzillaConnectorUi,0,0,0,0,0,0,0,0,0,0,0,0,1,0,0,0,0,0
org.eclipse.mylyn.internal.bugzilla.ui.tasklist.BugzillaCustomQueryDialog,0,0,0,0,0,0,0,0,0,0,1,0,0,0,0,0,0,0
org.eclipse.mylyn.internal.bugzilla.ui.tasklist.BugzillaCustomQueryWizardPage,0,0,0,0,0,0,0,0,0,0,1,0,0,0,1,0,0,0
org.eclipse.mylyn.internal.bugzilla.ui.tasklist.BugzillaQueryTypeWizardPage,0,0,0,0,0,0,0,0,0,0,0,0,0,0,0,0,0,0
org.eclipse.mylyn.internal.bugzilla.ui.tasklist.BugzillaRepositorySettingsPage,0,0,0,0,0,1,1,0,0,0,0,0,0,0,0,0,0,0
org.eclipse.mylyn.internal.bugzilla.ui.tasklist.BugzillaRepositorySettingsPage$2$1,0,0,0,0,0,0,0,0,0,0,0,0,0,0,0,0,0,0
org.eclipse.mylyn.internal.bugzilla.ui.tasklist.BugzillaRepositorySettingsPage$2$1$1,0,0,0,0,0,0,0,0,0,0,0,0,0,0,0,0,0,0
org.eclipse.mylyn.internal.bugzilla.ui.tasklist.BugzillaRepositorySettingsPage.2.1,0,0,0,0,0,0,0,0,0,0,0,0,0,0,0,0,0,0
org.eclipse.mylyn.internal.bugzilla.ui.tasklist.BugzillaTaskListMigrator,0,0,0,0,0,0,0,0,0,0,0,0,0,0,1,0,0,0
org.eclipse.mylyn.internal.bugzilla.ui.tasklist.StackTrace,0,0,0,0,0,0,0,0,0,0,1,0,0,0,0,0,0,0
org.eclipse.mylyn.internal.bugzilla.ui.wizard.BugzillaProductPage,0,0,0,0,0,0,0,0,0,0,1,0,1,0,0,0,0,0
org.eclipse.mylyn.internal.bugzilla.ui.wizard.BugzillaProductPage$5$1,0,0,0,0,0,0,0,0,0,0,0,0,0,0,0,0,0,0
org.eclipse.mylyn.internal.bugzilla.ui.wizard.BugzillaProductPage$5$1$1,0,0,0,0,0,0,0,0,0,0,0,0,0,0,0,0,0,0
org.eclipse.mylyn.internal.bugzilla.ui.wizard.BugzillaProductPage.5.1,0,0,0,0,0,0,0,0,0,0,0,0,0,0,0,0,0,0
org.eclipse.mylyn.internal.bugzilla.ui.wizard.NewBugzillaTaskWizard,0,0,0,0,0,0,0,0,0,0,0,0,0,0,0,0,0,0
org.eclipse.mylyn.internal.commons.core.ErrorReporterManager,0,0,0,0,0,0,0,0,0,0,0,0,0,0,0,0,0,0
org.eclipse.mylyn.internal.commons.core.ICommonsCoreConstants,0,0,0,0,0,0,0,0,0,0,0,0,0,0,0,0,0,0
org.eclipse.mylyn.internal.commons.core.XmlStringConverter,0,0,0,0,0,0,1,0,0,0,0,0,0,0,0,0,0,0
org.eclipse.mylyn.internal.commons.core.ZipFileUtil,0,0,0,0,0,0,0,0,0,0,0,0,0,0,0,0,0,0
org.eclipse.mylyn.internal.commons.net.AuthenticatedProxy,0,0,0,0,0,0,0,0,0,0,0,0,0,0,0,0,0,0
org.eclipse.mylyn.internal.commons.net.CloneableHostConfiguration,0,0,0,0,0,0,0,0,0,0,0,0,0,0,0,0,0,0
org.eclipse.mylyn.internal.commons.net.CommonsNetPlugin,0,0,0,0,0,0,0,0,0,0,0,0,0,0,0,0,0,0
org.eclipse.mylyn.internal.commons.net.InfiniteSubProgressMonitor,0,0,0,0,0,0,0,0,0,0,0,0,0,0,0,0,0,0
org.eclipse.mylyn.internal.commons.net.Messages,1,0,0,0,0,1,0,0,0,0,0,0,0,0,0,0,0,0
org.eclipse.mylyn.internal.commons.net.PollingInputStream,0,0,0,0,0,1,0,0,0,0,1,0,0,0,0,0,0,0
org.eclipse.mylyn.internal.commons.net.PollingOutputStream,0,0,0,0,0,1,0,0,0,0,1,0,0,0,0,0,0,0
org.eclipse.mylyn.internal.commons.net.PollingProtocolSocketFactory,0,0,0,0,0,0,0,0,0,0,0,1,0,0,0,0,0,0
org.eclipse.mylyn.internal.commons.net.PollingSslProtocolSocketFactory,0,0,0,0,0,0,0,0,0,0,0,1,0,0,0,0,0,0
org.eclipse.mylyn.internal.commons.net.ProgressMonitorInputStream,0,0,0,0,0,1,0,0,0,0,0,0,0,0,0,0,0,0
org.eclipse.mylyn.internal.commons.net.SslProtocolSocketFactory,1,0,0,0,0,0,0,0,0,0,0,1,0,0,0,0,0,0
org.eclipse.mylyn.internal.commons.net.TimeoutInputStream,0,0,0,0,0,1,1,0,0,0,1,1,0,0,0,0,0,0
org.eclipse.mylyn.internal.commons.net.TimeoutOutputStream,0,0,0,0,0,1,1,0,0,0,1,0,0,0,0,0,0,0
org.eclipse.mylyn.internal.commons.net.TrustAllTrustManager,0,0,0,0,0,0,0,0,0,0,0,0,0,0,0,0,0,0
org.eclipse.mylyn.internal.commons.net.WebClientLog,0,0,0,0,0,0,0,0,0,0,0,0,0,0,0,0,0,0
org.eclipse.mylyn.internal.commons.net.WebClientUtil,0,0,0,0,0,0,1,0,0,0,1,1,1,0,0,0,0,0
org.eclipse.mylyn.internal.commons.ui.ColorCanvas,0,0,0,0,0,0,0,0,0,0,0,0,0,0,0,0,0,0
org.eclipse.mylyn.internal.commons.ui.ColorSelectionWindow,0,0,0,0,0,0,0,0,0,0,0,0,0,0,0,0,0,0
org.eclipse.mylyn.internal.commons.ui.CommonsUiPlugin,0,0,0,0,0,0,0,0,0,0,0,0,0,0,0,0,0,0
org.eclipse.mylyn.internal.commons.ui.CompositeContainerImageDescriptor,0,0,0,0,0,1,0,0,0,0,0,0,0,0,0,0,0,0
org.eclipse.mylyn.internal.commons.ui.CompositeElementImageDescriptor,0,0,0,0,0,1,0,0,0,0,0,0,0,0,0,0,0,0
org.eclipse.mylyn.internal.commons.ui.CompositeSyncImageDescriptor,1,0,0,0,0,1,0,0,0,0,0,0,0,0,0,0,0,0
org.eclipse.mylyn.internal.commons.ui.NotificationPopupColors,0,0,1,0,0,0,1,0,0,0,0,0,0,0,0,0,0,0
org.eclipse.mylyn.internal.commons.ui.SwtUtil,0,0,0,0,0,0,0,0,0,0,1,0,0,0,0,0,0,0
org.eclipse.mylyn.internal.commons.ui.SwtUtil.FadeJob,0,0,0,0,0,0,0,0,0,0,0,0,0,0,0,0,0,0
org.eclipse.mylyn.internal.commons.ui.SwtUtil.IFadeListener,0,0,0,0,0,0,0,0,0,0,0,0,0,0,0,0,0,0
org.eclipse.mylyn.internal.commons.ui.TaskListImageDescriptor,0,0,0,0,0,1,0,0,0,0,0,0,0,0,0,0,0,0
org.eclipse.mylyn.internal.commons.ui.TreeWalker,0,0,0,0,0,0,0,0,0,0,1,1,0,0,0,0,0,0
org.eclipse.mylyn.internal.compatibility.JavaRuntimeVersionChecker,0,0,0,0,0,0,0,0,0,0,0,0,0,0,0,0,0,0
org.eclipse.mylyn.internal.context.core.AbstractRelationProvider,0,0,0,0,0,0,0,0,0,0,0,0,0,0,1,0,0,0
org.eclipse.mylyn.internal.context.core.CompositeContextElement,0,0,1,0,0,0,0,0,0,0,0,0,0,0,0,0,0,0
org.eclipse.mylyn.internal.context.core.CompositeDegreeOfInterest,0,0,0,0,0,0,0,0,0,0,0,0,0,0,0,0,0,0
org.eclipse.mylyn.internal.context.core.CompositeInteractionContext,0,0,0,0,0,1,0,0,0,0,0,0,0,0,0,0,0,0
org.eclipse.mylyn.internal.context.core.ContextCorePlugin,0,0,0,0,0,0,0,0,0,0,0,0,0,0,0,0,0,0
org.eclipse.mylyn.internal.context.core.DegreeOfInterest,0,0,0,0,0,0,0,0,0,0,0,0,0,0,0,0,0,0
org.eclipse.mylyn.internal.context.core.DegreeOfSeparation,0,0,0,0,0,0,0,0,0,0,0,0,0,0,0,0,0,0
org.eclipse.mylyn.internal.context.core.IActiveSearchListener,0,0,0,0,0,0,0,0,0,0,0,0,0,0,0,0,0,0
org.eclipse.mylyn.internal.context.core.IActiveSearchOperation,0,0,0,0,0,0,0,0,0,0,0,0,0,0,0,0,0,0
org.eclipse.mylyn.internal.context.core.IContextStoreListener,0,0,0,0,0,0,0,0,0,0,0,0,0,0,0,0,0,0
org.eclipse.mylyn.internal.context.core.IDegreeOfSeparation,0,0,0,0,0,0,0,0,0,0,0,0,0,0,0,0,0,0
org.eclipse.mylyn.internal.context.core.IInteractionContextReader,0,0,0,0,0,0,0,0,0,0,0,0,0,0,0,0,0,0
org.eclipse.mylyn.internal.context.core.IInteractionContextWriter,0,0,0,0,0,0,0,0,0,0,0,0,0,0,0,0,0,0
org.eclipse.mylyn.internal.context.core.IRelationsListener,0,0,0,0,0,0,0,0,0,0,0,0,0,0,0,0,0,0
org.eclipse.mylyn.internal.context.core.InteractionContext,0,0,0,0,0,1,1,0,0,0,1,0,0,0,0,0,0,0
org.eclipse.mylyn.internal.context.core.InteractionContextElement,0,0,1,0,0,0,0,0,0,0,0,0,0,0,0,0,0,0
org.eclipse.mylyn.internal.context.core.InteractionContextExternalizer,0,0,0,0,0,0,0,0,0,0,1,0,0,0,0,0,0,0
org.eclipse.mylyn.internal.context.core.InteractionContextManager,0,1,0,1,0,0,1,1,0,0,1,1,0,0,0,0,0,0
org.eclipse.mylyn.internal.context.core.InteractionContextRelation,0,0,0,0,0,0,0,0,0,0,0,1,0,0,0,0,0,0
org.eclipse.mylyn.internal.context.core.InteractionContextScaling,0,0,1,0,0,0,0,0,0,0,0,0,0,0,0,0,0,0
org.eclipse.mylyn.internal.context.core.LegacyActivityAdaptor,0,0,0,0,0,0,0,0,0,0,1,0,0,0,0,0,0,0
org.eclipse.mylyn.internal.context.core.LocalContextStore,0,0,0,0,0,0,0,0,0,0,0,0,0,0,0,0,0,0
org.eclipse.mylyn.internal.context.core.SaxContextContentHandler,0,0,0,0,0,0,0,0,0,0,0,0,0,0,0,0,0,0
org.eclipse.mylyn.internal.context.core.SaxContextReader,0,0,0,0,0,0,0,0,0,0,1,0,0,0,0,0,0,0
org.eclipse.mylyn.internal.context.core.SaxContextWriter,0,0,0,0,0,0,0,0,0,0,1,0,0,0,0,0,0,0
org.eclipse.mylyn.internal.context.core.SaxContextWriter.SaxWriter,0,0,0,0,0,0,0,0,0,0,0,0,0,0,0,0,0,0
org.eclipse.mylyn.internal.context.ui.AbstractContextLabelProvider,0,0,0,0,0,0,0,0,0,0,0,0,0,0,0,0,0,0
org.eclipse.mylyn.internal.context.ui.ActiveViewSelectionDragAdapter,0,0,0,0,0,0,0,0,0,0,0,0,0,0,0,0,0,0
org.eclipse.mylyn.internal.context.ui.BrowseFilteredListener,0,0,0,0,0,0,0,0,0,0,1,0,0,0,0,0,0,0
org.eclipse.mylyn.internal.context.ui.ColorMap,0,0,0,0,0,0,0,0,0,0,0,0,0,0,0,0,0,0
org.eclipse.mylyn.internal.context.ui.ContentOutlineManager,0,0,0,0,0,0,0,0,0,0,0,0,1,0,0,0,0,0
org.eclipse.mylyn.internal.context.ui.ContextEditorManager,0,1,0,0,0,0,1,0,0,0,1,0,0,0,1,0,0,0
org.eclipse.mylyn.internal.context.ui.ContextPerspectiveManager,0,1,0,0,0,0,0,0,0,0,0,0,0,0,0,0,0,0
org.eclipse.mylyn.internal.context.ui.ContextUiImages,0,0,0,0,0,0,0,0,0,0,0,0,0,0,0,0,0,0
org.eclipse.mylyn.internal.context.ui.ContextUiPlugin,1,0,0,1,0,1,1,1,0,0,1,0,0,0,0,0,0,0
org.eclipse.mylyn.internal.context.ui.ContextUiPlugin.ContextActivationListener,0,0,0,0,0,0,0,0,0,0,0,0,0,0,0,0,0,0
org.eclipse.mylyn.internal.context.ui.ContextWorkingSetManager,0,1,0,0,0,0,0,0,0,0,0,0,0,0,0,0,0,0
org.eclipse.mylyn.internal.context.ui.DoiOrderSorter,0,0,0,0,0,0,0,0,0,0,0,0,0,0,0,0,0,0
org.eclipse.mylyn.internal.context.ui.FocusedViewerManager,0,1,0,0,0,0,0,0,0,0,0,0,0,0,1,0,0,0
org.eclipse.mylyn.internal.context.ui.HighlighterImageDescriptor,0,0,0,0,0,0,1,0,0,0,0,1,0,0,0,0,0,0
org.eclipse.mylyn.internal.context.ui.IContextUiPreferenceContstants,0,0,0,0,0,0,0,0,0,0,0,0,0,0,0,0,0,0
org.eclipse.mylyn.internal.context.ui.InterestDecorator,0,0,0,0,0,0,0,0,0,0,0,0,0,0,0,0,0,0
org.eclipse.mylyn.internal.context.ui.InterestDecoratorLightweight,0,0,0,0,0,0,0,0,0,0,1,0,0,0,0,0,0,0
org.eclipse.mylyn.internal.context.ui.TaskContextWorkingSetPage,0,0,0,0,0,0,0,0,0,0,1,0,1,0,0,0,0,0
org.eclipse.mylyn.internal.context.ui.TaskStructureBridge,0,0,0,0,0,0,0,0,0,0,0,0,0,0,0,0,0,0
org.eclipse.mylyn.internal.context.ui.TaskUiBridge,0,0,0,0,0,0,0,0,0,0,0,0,0,0,1,0,0,0
org.eclipse.mylyn.internal.context.ui.UiUtil,0,0,0,0,0,0,0,0,0,0,0,0,0,0,0,0,0,0
org.eclipse.mylyn.internal.context.ui.actions.AbstractInterestManipulationAction,0,0,0,0,0,0,0,0,0,0,1,0,0,0,0,0,0,0
org.eclipse.mylyn.internal.context.ui.actions.ContextActiveActionFilter,0,0,0,0,0,0,0,0,1,1,0,0,0,0,0,0,0,0
org.eclipse.mylyn.internal.context.ui.actions.ContextAttachAction,0,0,0,0,0,0,0,0,0,0,0,0,0,0,0,0,0,0
org.eclipse.mylyn.internal.context.ui.actions.ContextClearAction,0,0,0,0,0,0,0,0,0,0,0,0,0,0,1,0,0,0
org.eclipse.mylyn.internal.context.ui.actions.ContextCopyAction,0,0,0,0,0,1,0,0,0,0,0,0,0,0,1,0,0,0
org.eclipse.mylyn.internal.context.ui.actions.ContextRetrieveAction,0,0,0,0,0,0,0,0,0,0,0,0,0,0,0,0,0,0
org.eclipse.mylyn.internal.context.ui.actions.FocusOutlineAction,0,0,0,0,0,1,0,0,0,0,0,0,0,0,0,0,0,0
org.eclipse.mylyn.internal.context.ui.actions.FocusTaskListAction,0,0,0,0,0,0,0,0,0,0,0,0,0,0,0,0,0,0
org.eclipse.mylyn.internal.context.ui.actions.InterestDecrementAction,0,0,0,0,0,0,0,0,1,1,0,0,0,0,0,0,0,0
org.eclipse.mylyn.internal.context.ui.actions.InterestIncrementAction,0,0,0,0,0,0,0,0,1,1,0,0,0,0,0,0,0,0
org.eclipse.mylyn.internal.context.ui.actions.OpenPrefsAction,0,0,0,0,0,0,0,0,0,0,0,0,0,0,0,0,0,0
org.eclipse.mylyn.internal.context.ui.actions.OpenQuickContextPopupDialogAction,0,0,0,0,0,0,0,0,0,0,0,0,0,0,0,0,0,0
org.eclipse.mylyn.internal.context.ui.actions.TaskContextAction,0,0,0,0,0,0,0,0,0,0,0,0,0,1,0,0,0,0
org.eclipse.mylyn.internal.context.ui.actions.ToggleDecorateInterestLevelAction,0,0,0,0,0,0,0,0,0,0,0,0,0,0,0,0,0,0
org.eclipse.mylyn.internal.context.ui.commands.AbstractTaskAttachmentCommandHandler,0,0,0,0,0,0,0,0,0,0,0,0,0,0,0,1,1,0
org.eclipse.mylyn.internal.context.ui.commands.AttachContextHandler,0,0,0,0,0,0,0,0,1,1,0,0,0,0,0,0,0,0
org.eclipse.mylyn.internal.context.ui.commands.ClearContextHandler,0,0,0,0,0,0,0,0,1,1,0,0,0,0,0,0,0,0
org.eclipse.mylyn.internal.context.ui.commands.CopyContextHandler,0,0,0,0,0,0,0,0,0,0,0,0,0,0,0,0,0,0
org.eclipse.mylyn.internal.context.ui.commands.FocusViewHandler,0,0,0,0,0,0,0,0,0,0,0,0,0,0,0,0,0,0
org.eclipse.mylyn.internal.context.ui.commands.RetrieveContextAttachmentHandler,0,0,0,0,0,0,0,0,1,1,0,0,0,0,0,0,0,0
org.eclipse.mylyn.internal.context.ui.commands.RetrieveContextHandler,0,0,0,0,0,0,0,0,1,1,0,0,0,0,0,0,0,0
org.eclipse.mylyn.internal.context.ui.editors.ContextEditorFormPage,0,0,0,0,0,0,0,0,0,0,1,0,0,0,0,0,0,0
org.eclipse.mylyn.internal.context.ui.editors.ContextPageFactory,0,0,0,0,0,0,0,0,0,0,0,0,0,0,1,0,0,0
org.eclipse.mylyn.internal.context.ui.editors.ScalableInterestFilter,0,0,0,0,0,0,0,0,0,0,0,0,0,0,0,0,0,0
org.eclipse.mylyn.internal.context.ui.preferences.ContextUiPreferencePage,0,0,0,0,0,0,0,0,0,0,1,0,0,0,0,0,0,0
org.eclipse.mylyn.internal.context.ui.views.ActiveViewDelegatingDragAdapter,0,0,0,0,0,0,0,0,0,0,1,0,0,0,0,0,0,0
org.eclipse.mylyn.internal.context.ui.views.CommonNavigatorFilterBar,0,0,0,0,0,0,0,1,0,0,0,0,0,0,0,0,0,0
org.eclipse.mylyn.internal.context.ui.views.CommonNavigatorPatternFilter,0,0,0,0,0,0,0,0,1,1,0,0,0,0,0,0,0,0
org.eclipse.mylyn.internal.context.ui.views.ContextContentProvider,0,0,0,0,0,0,0,0,0,0,0,0,0,0,0,0,0,0
org.eclipse.mylyn.internal.context.ui.views.ContextNodeOpenListener,0,0,0,0,0,0,0,0,0,0,0,0,0,0,0,0,0,0
org.eclipse.mylyn.internal.context.ui.views.QuickContextPopupDialog,0,0,0,0,0,0,0,1,0,0,0,0,0,0,0,0,0,0
org.eclipse.mylyn.internal.context.ui.views.QuickOutlinePatternAndInterestFilter,0,0,0,0,0,0,0,0,0,0,0,0,1,0,0,0,0,0
org.eclipse.mylyn.internal.context.ui.wizards.ContextAttachWizard,0,0,0,0,0,0,0,0,0,0,0,0,1,0,0,0,0,0
org.eclipse.mylyn.internal.context.ui.wizards.ContextAttachWizardPage,0,0,0,0,0,0,0,0,0,0,1,0,0,0,0,0,0,0
org.eclipse.mylyn.internal.context.ui.wizards.ContextRetrieveWizard,0,0,0,0,0,0,0,0,0,0,0,0,0,0,0,0,0,0
org.eclipse.mylyn.internal.context.ui.wizards.ContextRetrieveWizardPage,0,0,0,0,0,0,0,0,0,0,1,0,1,0,0,0,0,0
org.eclipse.mylyn.internal.ide.ant.AntContextLabelProvider,0,0,0,0,0,0,0,0,0,0,0,0,0,0,0,0,0,0
org.eclipse.mylyn.internal.ide.ant.AntEditingMonitor,0,0,0,0,0,0,0,0,0,0,0,0,1,0,1,0,0,0
org.eclipse.mylyn.internal.ide.ant.AntStructureBridge,0,0,0,0,0,1,1,0,0,0,1,0,0,0,0,0,0,0
org.eclipse.mylyn.internal.ide.ant.AntUiBridge,0,0,0,0,0,0,0,0,0,0,0,0,0,0,1,0,0,0
org.eclipse.mylyn.internal.ide.ant.AntUiBridgePlugin,0,0,0,0,0,0,0,0,0,0,0,0,0,0,0,0,0,0
org.eclipse.mylyn.internal.ide.ui.IdeUiBridgePlugin,0,0,0,0,0,0,0,0,0,0,0,0,0,0,0,0,0,0
org.eclipse.mylyn.internal.ide.ui.IdeUiUtil,0,0,0,0,0,0,0,0,0,0,0,0,0,0,0,0,0,0
org.eclipse.mylyn.internal.ide.ui.MarkerInterestFilter,0,0,0,0,0,0,0,0,0,0,0,0,1,0,0,0,0,0
org.eclipse.mylyn.internal.ide.ui.MarkerViewLabelProvider,0,0,0,0,0,0,0,0,0,0,0,0,0,0,0,0,0,0
org.eclipse.mylyn.internal.ide.ui.MarkerViewerInterestSorter,0,0,0,0,0,0,0,0,0,0,0,0,0,0,0,0,0,0
org.eclipse.mylyn.internal.ide.ui.XmlNodeHelper,0,0,0,0,0,0,0,0,0,0,0,0,0,0,0,0,0,0
org.eclipse.mylyn.internal.ide.ui.actions.AbstractFocusMarkerViewAction,0,0,0,0,0,0,0,0,0,0,0,0,0,1,0,0,0,0
org.eclipse.mylyn.internal.ide.ui.actions.FocusBookmarkMarkersViewAction,0,0,0,0,0,1,0,0,0,0,0,0,0,0,1,0,0,0
org.eclipse.mylyn.internal.ide.ui.actions.FocusProblemsListAction,0,0,0,0,0,1,0,0,0,0,0,0,0,0,1,0,0,0
org.eclipse.mylyn.internal.ide.ui.actions.FocusProjectExplorerAction,0,0,0,0,0,0,0,0,0,0,0,0,0,0,1,0,0,0
org.eclipse.mylyn.internal.ide.ui.actions.FocusResourceNavigatorAction,0,0,0,0,0,0,0,0,0,0,0,0,0,0,1,0,0,0
org.eclipse.mylyn.internal.ide.ui.actions.FocusTaskMarkersViewAction,0,0,0,0,0,1,0,0,0,0,0,0,0,0,1,0,0,0
org.eclipse.mylyn.internal.java.tasks.JavaStackTraceFileHyperlink,0,0,0,0,0,0,0,0,0,0,0,0,0,0,0,0,0,0
org.eclipse.mylyn.internal.java.tasks.JavaStackTraceHyperlinkDetector,0,0,0,0,0,0,0,0,0,0,0,0,0,0,0,0,0,0
org.eclipse.mylyn.internal.java.tasks.NewTaskFromJunitResultViewAction,0,0,0,0,0,0,0,0,0,0,0,0,1,0,0,0,0,0
org.eclipse.mylyn.internal.java.ui.ActiveFoldingEditorTracker,0,0,0,0,0,0,0,0,0,0,0,0,0,0,1,0,0,0
org.eclipse.mylyn.internal.java.ui.BreakpointsInterestFilter,0,0,0,0,0,0,0,0,0,0,0,0,0,0,0,0,0,0
org.eclipse.mylyn.internal.java.ui.InterestUpdateDeltaListener,0,0,0,0,0,0,0,0,0,0,1,0,0,0,0,0,0,0
org.eclipse.mylyn.internal.java.ui.JavaDebugStructureBridge,0,0,0,0,0,0,0,0,0,0,0,0,0,0,0,0,0,0
org.eclipse.mylyn.internal.java.ui.JavaDeclarationsFilter,0,0,0,0,0,0,0,0,1,1,0,0,0,0,0,0,0,0
org.eclipse.mylyn.internal.java.ui.JavaEditingMonitor,0,0,0,0,0,0,1,0,0,0,0,0,1,0,0,0,0,0
org.eclipse.mylyn.internal.java.ui.JavaStructureBridge,0,0,0,0,0,1,1,0,0,0,1,0,0,0,0,0,0,0
org.eclipse.mylyn.internal.java.ui.JavaUiBridge,0,0,0,0,0,0,0,0,0,0,0,0,0,0,1,0,0,0
org.eclipse.mylyn.internal.java.ui.JavaUiBridgePlugin,0,0,0,0,0,0,0,0,0,0,0,0,1,0,0,0,0,0
org.eclipse.mylyn.internal.java.ui.JavaUiUtil,0,0,0,0,0,0,0,0,0,0,1,0,0,0,0,0,0,0
org.eclipse.mylyn.internal.java.ui.LandmarkMarkerManager,0,1,0,0,0,0,0,0,0,0,0,0,0,0,1,0,0,0
org.eclipse.mylyn.internal.java.ui.TypeHistoryManager,0,0,0,0,0,0,0,0,0,0,0,0,0,0,1,0,0,0
org.eclipse.mylyn.internal.java.ui.actions.FilterMembersAction,0,0,0,0,0,0,0,0,0,0,0,0,0,0,0,0,0,0
org.eclipse.mylyn.internal.java.ui.actions.FocusBreakpointsViewAction,0,0,0,0,0,0,0,0,1,1,0,0,0,0,1,0,0,0
org.eclipse.mylyn.internal.java.ui.actions.FocusBrowsingPerspectiveAction,0,0,0,0,0,1,0,0,0,0,1,0,0,0,0,0,0,0
org.eclipse.mylyn.internal.java.ui.actions.FocusDebugViewAction,0,0,0,0,0,0,0,0,1,1,0,0,0,0,0,0,0,0
org.eclipse.mylyn.internal.java.ui.actions.FocusPackageExplorerAction,0,0,0,0,0,0,0,0,0,0,0,0,0,0,1,0,0,0
org.eclipse.mylyn.internal.java.ui.actions.ShowFilteredChildrenAction,0,0,0,0,0,0,0,0,0,0,0,0,0,0,0,0,0,0
org.eclipse.mylyn.internal.java.ui.actions.ToggleActiveFoldingAction,0,0,0,0,0,0,0,0,0,0,0,0,0,0,0,0,0,0
org.eclipse.mylyn.internal.java.ui.editor.AbstractEditorHyperlinkDetector,0,0,0,0,0,0,0,0,0,0,0,0,0,0,0,0,0,0
org.eclipse.mylyn.internal.java.ui.editor.ActiveFoldingListener,0,0,0,0,0,0,0,0,0,0,1,0,0,0,1,0,0,0
org.eclipse.mylyn.internal.java.ui.editor.AutoFoldPreferenceBlock,0,0,0,0,0,0,0,0,0,0,0,0,0,0,0,0,0,0
org.eclipse.mylyn.internal.java.ui.editor.FocusedJavaNoTypeProposalComputer,0,0,0,0,0,0,0,0,0,0,0,0,0,0,0,0,0,0
org.eclipse.mylyn.internal.java.ui.editor.FocusedJavaProposalProcessor,0,1,0,0,0,0,0,0,0,0,1,0,0,0,0,0,0,0
org.eclipse.mylyn.internal.java.ui.editor.FocusedJavaSourceViewerConfiguration,0,0,0,0,0,0,0,0,1,1,0,0,0,0,0,0,0,0
org.eclipse.mylyn.internal.java.ui.editor.FocusedJavaTypeProposalComputer,0,0,0,0,0,0,0,0,1,1,0,0,0,0,0,0,0,0
org.eclipse.mylyn.internal.java.ui.junit.InteractionContextTestUtil,0,0,0,0,0,0,0,0,0,0,1,0,0,0,0,0,0,0
org.eclipse.mylyn.internal.java.ui.junit.TaskContextJUnitLaunchConfiguration,0,0,0,0,0,0,0,0,1,1,0,0,1,0,0,0,0,0
org.eclipse.mylyn.internal.java.ui.junit.TaskContextJUnitMainTab,0,0,0,0,0,0,0,0,0,0,0,0,1,0,0,0,0,0
org.eclipse.mylyn.internal.java.ui.junit.TaskContextJUnitTabGroup,0,0,0,0,0,0,0,0,0,0,0,0,0,0,0,0,0,0
org.eclipse.mylyn.internal.java.ui.search.AbstractJavaRelationProvider,0,0,0,0,0,0,1,0,0,0,1,1,1,1,0,0,0,0
org.eclipse.mylyn.internal.java.ui.search.AbstractJavaRelationProvider.JavaSearchOperation,0,0,0,0,0,0,0,0,0,0,0,0,0,0,0,0,0,0
org.eclipse.mylyn.internal.java.ui.search.JUnitReferencesProvider,0,0,0,0,0,0,0,0,0,0,0,0,0,0,1,0,0,0
org.eclipse.mylyn.internal.java.ui.search.JavaActiveSearchResultUpdater,0,0,0,0,0,0,0,0,0,0,1,0,0,0,0,0,0,0
org.eclipse.mylyn.internal.java.ui.search.JavaImplementorsProvider,0,0,0,0,0,0,0,0,0,0,0,0,0,0,1,0,0,0
org.eclipse.mylyn.internal.java.ui.search.JavaReadAccessProvider,0,0,0,0,0,0,0,0,0,0,0,0,0,0,1,0,0,0
org.eclipse.mylyn.internal.java.ui.search.JavaReferencesProvider,0,0,0,0,0,0,0,0,0,0,0,0,0,0,1,0,0,0
org.eclipse.mylyn.internal.java.ui.search.JavaWriteAccessProvider,0,0,0,0,0,0,0,0,0,0,0,0,0,0,1,0,0,0
org.eclipse.mylyn.internal.java.ui.search.XmlActiveSearchUpdater,0,0,0,0,0,0,0,0,0,0,0,0,0,0,0,0,0,0
org.eclipse.mylyn.internal.monitor.core.IMonitorCoreConstants,0,0,0,0,0,0,0,0,0,0,0,0,0,0,0,0,0,0
org.eclipse.mylyn.internal.monitor.core.collection.CommandUsageCollector,0,1,0,0,0,0,0,0,0,0,0,0,0,0,0,0,0,0
org.eclipse.mylyn.internal.monitor.core.collection.DataOverviewCollector,0,0,0,0,0,0,0,0,0,0,1,0,0,0,0,0,0,0
org.eclipse.mylyn.internal.monitor.core.collection.DelegatingUsageCollector,0,0,0,0,0,0,0,0,0,0,0,0,0,0,0,0,0,0
org.eclipse.mylyn.internal.monitor.core.collection.IUsageCollector,0,0,0,0,0,0,0,0,0,0,0,0,0,0,0,0,0,0
org.eclipse.mylyn.internal.monitor.core.collection.IUsageScanner,0,0,0,0,0,0,0,0,0,0,0,0,0,0,0,0,0,0
org.eclipse.mylyn.internal.monitor.core.collection.InteractionByTypeSummary,0,0,0,0,0,0,0,0,0,0,0,0,0,0,0,0,0,0
org.eclipse.mylyn.internal.monitor.core.collection.InteractionEventClassifier,0,0,0,0,0,0,0,0,0,0,0,0,0,0,0,0,0,0
org.eclipse.mylyn.internal.monitor.core.collection.InteractionEventComparator,0,0,0,0,0,0,0,0,0,0,0,0,0,0,0,0,0,0
org.eclipse.mylyn.internal.monitor.core.collection.InteractionEventSummary,0,0,0,0,0,0,0,0,0,0,0,0,0,0,0,0,0,0
org.eclipse.mylyn.internal.monitor.core.collection.InteractionEventUtil,0,0,1,0,0,0,0,0,1,1,0,0,0,0,0,0,0,0
org.eclipse.mylyn.internal.monitor.core.collection.PercentUsageComparator,0,0,0,0,0,0,0,0,0,0,0,0,0,0,0,0,0,0
org.eclipse.mylyn.internal.monitor.core.collection.SummaryCollector,0,0,0,0,0,0,0,0,0,0,0,0,0,0,0,0,0,0
org.eclipse.mylyn.internal.monitor.core.collection.ViewUsageCollector,0,0,0,0,0,0,0,0,0,0,1,0,0,0,0,0,0,0
org.eclipse.mylyn.internal.monitor.ui.ActionExecutionMonitor,0,0,0,0,0,0,0,0,1,1,0,0,0,0,0,0,0,0
org.eclipse.mylyn.internal.monitor.ui.ActivityChangeMonitor,0,0,0,0,0,0,0,0,0,0,0,0,0,0,0,0,0,0
org.eclipse.mylyn.internal.monitor.ui.ActivityContextManager,0,1,0,1,0,0,0,1,0,0,0,1,0,0,0,0,0,0
org.eclipse.mylyn.internal.monitor.ui.BrowserMonitor,0,0,0,0,0,0,0,0,0,0,0,0,0,0,1,0,0,0
org.eclipse.mylyn.internal.monitor.ui.IMonitoredWindow,0,0,0,0,0,0,0,0,0,0,0,0,0,0,0,0,0,0
org.eclipse.mylyn.internal.monitor.ui.KeybindingCommandMonitor,0,0,0,0,0,0,0,0,0,0,0,0,0,0,1,0,0,0
org.eclipse.mylyn.internal.monitor.ui.MenuCommandMonitor,0,0,0,0,0,0,0,0,0,0,1,0,0,0,0,0,0,0
org.eclipse.mylyn.internal.monitor.ui.MonitorUiPlugin,0,0,0,1,0,0,1,1,0,0,1,0,0,0,0,0,0,0
org.eclipse.mylyn.internal.monitor.ui.PerspectiveChangeMonitor,0,0,0,0,0,0,0,0,0,0,0,0,0,0,0,0,0,0
org.eclipse.mylyn.internal.monitor.ui.PreferenceChangeMonitor,0,0,0,0,0,0,0,0,0,0,0,0,0,0,0,0,0,0
org.eclipse.mylyn.internal.monitor.ui.ShellLifecycleListener,0,0,0,0,0,0,0,0,0,0,0,0,0,0,0,0,0,0
org.eclipse.mylyn.internal.monitor.ui.WindowChangeMonitor,0,0,0,0,0,0,0,0,0,0,0,0,0,0,0,0,0,0
org.eclipse.mylyn.internal.monitor.ui.WorkbenchUserActivityMonitor,0,0,0,0,0,0,0,0,0,0,0,0,0,0,1,0,0,0
org.eclipse.mylyn.internal.pde.ui.PdeContextLabelProvider,0,0,0,0,0,0,0,0,0,0,0,0,0,0,0,0,0,0
org.eclipse.mylyn.internal.pde.ui.PdeEditingMonitor,0,0,0,0,0,0,1,0,0,0,1,0,1,0,1,0,0,0
org.eclipse.mylyn.internal.pde.ui.PdeStructureBridge,0,0,0,0,0,1,1,0,0,0,1,0,0,0,0,0,0,0
org.eclipse.mylyn.internal.pde.ui.PdeUiBridge,0,0,0,0,0,0,0,0,0,0,1,0,0,0,1,0,0,0
org.eclipse.mylyn.internal.pde.ui.PdeUiBridge.TreeViewerListener,0,0,0,0,0,0,0,0,0,0,0,0,0,0,0,0,0,0
org.eclipse.mylyn.internal.pde.ui.PdeUiBridgePlugin,0,0,0,0,0,0,0,0,0,0,0,0,0,0,0,0,0,0
org.eclipse.mylyn.internal.pde.ui.XmlJavaRelationProvider,0,0,0,0,0,0,1,0,0,0,1,1,1,0,0,0,0,0
org.eclipse.mylyn.internal.pde.ui.XmlJavaRelationProvider.XMLSearchOperation,0,0,0,0,0,0,0,0,0,0,0,0,0,0,0,0,0,0
org.eclipse.mylyn.internal.pde.ui.junit.TaskContextPdeJUnitLaunchConfiguration,0,0,0,0,0,0,0,0,1,1,0,0,1,0,0,0,0,0
org.eclipse.mylyn.internal.pde.ui.junit.TaskContextPdeJUnitTabGroup,0,0,0,0,0,0,0,0,1,1,0,0,0,0,0,0,0,0
org.eclipse.mylyn.internal.provisional.commons.ui.AbstractFilteredTree,0,0,0,0,0,1,0,0,0,0,1,0,0,0,0,1,1,0
org.eclipse.mylyn.internal.provisional.commons.ui.AbstractNotification,0,0,0,0,0,0,0,0,0,0,0,0,0,1,0,1,1,0
org.eclipse.mylyn.internal.provisional.commons.ui.AbstractNotificationPopup,0,0,0,1,0,0,1,1,0,0,1,0,0,0,0,1,1,0
org.eclipse.mylyn.internal.provisional.commons.ui.AbstractRetrieveTitleFromUrlJob,0,0,0,0,0,0,0,0,0,0,0,0,1,0,0,0,0,0
org.eclipse.mylyn.internal.provisional.commons.ui.AdaptiveRefreshPolicy,0,0,0,0,0,0,0,0,0,0,0,0,0,0,0,0,0,0
org.eclipse.mylyn.internal.provisional.commons.ui.CommonColors,0,0,0,0,0,0,0,0,0,0,0,0,0,0,0,0,0,0
org.eclipse.mylyn.internal.provisional.commons.ui.CommonFonts,1,0,0,0,0,1,0,0,0,0,0,0,0,0,0,0,0,0
org.eclipse.mylyn.internal.provisional.commons.ui.CommonImages,0,0,0,0,0,0,1,1,0,0,0,0,0,0,0,0,0,0
org.eclipse.mylyn.internal.provisional.commons.ui.CommonThemes,0,0,0,0,0,0,0,0,0,0,0,0,0,0,0,0,0,0
org.eclipse.mylyn.internal.provisional.commons.ui.DatePicker,0,0,0,0,0,0,0,0,0,0,1,1,0,0,0,0,0,0
org.eclipse.mylyn.internal.provisional.commons.ui.DatePickerPanel,0,0,0,0,0,0,0,0,0,0,1,1,0,0,0,0,0,0
org.eclipse.mylyn.internal.provisional.commons.ui.DateSelectionDialog,0,0,0,0,0,0,0,0,0,0,0,1,0,0,0,0,0,0
org.eclipse.mylyn.internal.provisional.commons.ui.DelayedRefreshJob,0,0,0,0,0,0,0,0,0,0,0,0,0,0,0,0,0,0
org.eclipse.mylyn.internal.provisional.commons.ui.IFilteredTreeListener,0,0,0,0,0,0,0,0,0,0,0,0,0,0,0,0,0,0
org.eclipse.mylyn.internal.provisional.commons.ui.IImageCreator,0,0,0,0,0,0,0,0,0,0,0,0,0,0,0,0,0,0
org.eclipse.mylyn.internal.provisional.commons.ui.ScalingHyperlink,0,0,0,0,0,0,0,0,0,0,0,0,0,1,0,0,0,0
org.eclipse.mylyn.internal.provisional.commons.ui.ScreenshotCreationPage,0,0,0,0,0,0,1,1,0,0,0,0,0,0,0,0,0,0
org.eclipse.mylyn.internal.provisional.commons.ui.SubstringPatternFilter,0,0,1,0,0,0,0,0,1,1,0,0,0,0,0,0,0,0
org.eclipse.mylyn.internal.provisional.tasks.bugs.AbstractTaskContributor,0,0,0,0,0,0,0,0,0,0,0,0,0,1,0,1,1,0
org.eclipse.mylyn.internal.resources.ui.EditorInteractionMonitor,0,0,0,0,0,0,0,0,0,0,1,0,0,0,1,0,0,0
org.eclipse.mylyn.internal.resources.ui.ResourceChangeMonitor,0,0,0,0,0,0,0,0,0,0,0,0,0,0,0,0,0,0
org.eclipse.mylyn.internal.resources.ui.ResourceContextLabelProvider,0,0,0,0,0,0,0,0,0,0,0,0,0,0,0,0,0,0
org.eclipse.mylyn.internal.resources.ui.ResourceInteractionMonitor,0,0,0,0,0,0,0,0,1,1,0,0,1,0,1,0,0,0
org.eclipse.mylyn.internal.resources.ui.ResourceInterestUpdater,0,0,0,0,0,0,0,0,0,0,0,0,0,0,0,0,0,0
org.eclipse.mylyn.internal.resources.ui.ResourceStructureBridge,0,0,0,0,0,0,0,0,0,0,0,0,0,0,0,0,0,0
org.eclipse.mylyn.internal.resources.ui.ResourceUiBridge,0,0,0,0,0,0,0,0,0,0,0,0,0,0,1,0,0,0
org.eclipse.mylyn.internal.resources.ui.ResourcesUiBridgePlugin,0,0,0,0,0,0,0,0,0,0,0,0,0,0,0,0,0,0
org.eclipse.mylyn.internal.resources.ui.ResourcesUiExtensionPointReader,0,0,0,0,0,0,0,0,0,0,0,0,0,0,0,0,0,0
org.eclipse.mylyn.internal.resources.ui.ResourcesUiPreferenceInitializer,1,0,0,0,0,1,0,0,0,0,0,0,0,0,0,0,0,0
org.eclipse.mylyn.internal.resources.ui.preferences.FocusedResourcesPreferencePage,0,0,0,0,0,0,0,0,0,0,1,0,0,0,0,0,0,0
org.eclipse.mylyn.internal.tasks.bugs.AttributeTaskMapper,0,0,0,0,0,0,0,0,0,0,0,0,0,0,0,0,0,0
org.eclipse.mylyn.internal.tasks.bugs.DefaultTaskContributor,0,0,0,0,0,0,0,0,0,0,1,0,0,0,1,0,0,0
org.eclipse.mylyn.internal.tasks.bugs.IRepositoryConstants,0,0,0,0,0,0,0,0,0,0,0,0,0,0,0,0,0,0
org.eclipse.mylyn.internal.tasks.bugs.PluginRepositoryMapping,0,0,1,0,0,0,0,0,0,0,0,0,0,0,0,0,0,0
org.eclipse.mylyn.internal.tasks.bugs.PluginRepositoryMappingManager,0,1,0,0,0,0,0,0,0,0,1,0,0,0,0,0,0,0
org.eclipse.mylyn.internal.tasks.bugs.TaskContributorManager,0,1,0,0,0,0,0,0,0,0,0,0,0,0,0,0,0,0
org.eclipse.mylyn.internal.tasks.bugs.TaskErrorReporter,0,0,0,0,0,0,0,0,0,0,0,0,1,0,0,0,0,0
org.eclipse.mylyn.internal.tasks.bugs.TasksBugsPlugin,0,0,0,0,0,0,0,0,0,0,0,0,1,0,0,0,0,0
org.eclipse.mylyn.internal.tasks.bugs.TasksBugsPlugin.BugReporter,0,0,0,0,0,0,0,0,0,0,0,0,0,0,0,0,0,0
org.eclipse.mylyn.internal.tasks.bugs.actions.NewTaskFromErrorAction,0,0,0,0,0,0,0,0,0,0,1,0,0,0,0,0,0,0
org.eclipse.mylyn.internal.tasks.bugs.actions.ReportBugAction,0,0,0,0,0,0,0,0,0,0,0,0,0,0,0,0,0,0
org.eclipse.mylyn.internal.tasks.bugs.wizards.BundleGroupContainer,0,0,0,0,0,0,0,0,0,0,0,0,0,0,0,0,0,0
org.eclipse.mylyn.internal.tasks.bugs.wizards.ErrorLogStatus,0,0,0,0,0,0,0,0,0,0,0,0,0,0,0,0,0,0
org.eclipse.mylyn.internal.tasks.bugs.wizards.FeatureGroup,0,0,0,0,0,0,0,0,0,0,0,0,0,0,0,0,0,0
org.eclipse.mylyn.internal.tasks.bugs.wizards.FeatureStatus,0,0,0,0,0,0,0,0,0,0,0,0,0,0,0,0,0,0
org.eclipse.mylyn.internal.tasks.bugs.wizards.ReportBugOrEnhancementWizard,0,0,0,0,0,0,0,0,0,0,0,0,0,0,0,0,0,0
org.eclipse.mylyn.internal.tasks.bugs.wizards.ReportErrorPage,0,0,0,0,0,0,0,0,0,0,1,0,0,0,0,0,0,0
org.eclipse.mylyn.internal.tasks.bugs.wizards.ReportErrorWizard,0,0,0,0,0,0,0,0,0,0,0,0,1,0,0,0,0,0
org.eclipse.mylyn.internal.tasks.bugs.wizards.SelectFeaturePage,0,0,0,0,0,0,0,0,0,0,1,0,0,0,0,0,0,0
org.eclipse.mylyn.internal.tasks.bugs.wizards.SelectProductPage,0,0,0,0,0,0,0,0,0,0,1,0,0,0,0,0,0,0
org.eclipse.mylyn.internal.tasks.core.AbstractSearchHandler,0,0,0,0,0,0,0,0,0,0,0,0,0,1,0,1,1,0
org.eclipse.mylyn.internal.tasks.core.AbstractTask,0,0,1,1,0,0,1,1,0,0,0,0,0,0,0,0,0,0
org.eclipse.mylyn.internal.tasks.core.AbstractTaskCategory,0,0,1,0,0,0,0,0,1,1,0,0,0,1,0,0,0,0
org.eclipse.mylyn.internal.tasks.core.AbstractTaskContainer,0,0,0,0,0,0,0,0,0,0,0,0,0,0,0,0,0,0
org.eclipse.mylyn.internal.tasks.core.CommentQuoter,0,0,0,0,0,0,0,0,0,0,1,0,0,0,0,0,0,0
org.eclipse.mylyn.internal.tasks.core.DateRange,0,0,0,0,0,0,1,0,0,0,1,0,0,0,0,0,0,0
org.eclipse.mylyn.internal.tasks.core.IRepositoryConstants,0,0,0,0,0,0,0,0,0,0,0,0,0,0,0,0,0,0
org.eclipse.mylyn.internal.tasks.core.IRepositoryModelListener,0,0,0,0,0,0,0,0,0,0,0,0,0,0,0,0,0,0
org.eclipse.mylyn.internal.tasks.core.ITaskDataStorage,0,0,0,0,0,0,0,0,0,0,0,0,0,0,0,0,0,0
org.eclipse.mylyn.internal.tasks.core.ITaskJobFactory,0,0,0,0,0,0,0,0,0,0,0,0,0,0,0,0,0,0
org.eclipse.mylyn.internal.tasks.core.ITaskList,0,0,0,0,0,0,0,0,0,0,0,0,0,0,0,0,0,0
org.eclipse.mylyn.internal.tasks.core.ITaskListChangeListener,0,0,0,0,0,0,0,0,0,0,0,0,0,0,0,0,0,0
org.eclipse.mylyn.internal.tasks.core.ITaskListRunnable,0,0,0,0,0,0,0,0,0,0,0,0,0,0,0,0,0,0
org.eclipse.mylyn.internal.tasks.core.ITaskRepositoryFilter,0,0,0,0,0,0,0,0,0,0,0,0,0,0,0,0,0,0
org.eclipse.mylyn.internal.tasks.core.ITasksCoreConstants,0,0,0,0,0,0,0,0,0,0,0,0,0,0,0,0,0,0
org.eclipse.mylyn.internal.tasks.core.IdentityAttributeFactory,0,0,0,0,0,0,0,0,0,0,0,0,0,0,1,0,0,0
org.eclipse.mylyn.internal.tasks.core.LocalAttachment,0,0,1,0,0,0,0,0,0,0,0,0,0,0,0,0,0,0
org.eclipse.mylyn.internal.tasks.core.LocalRepositoryConnector,0,0,0,0,0,0,0,0,0,0,0,1,0,0,0,0,0,0
org.eclipse.mylyn.internal.tasks.core.LocalTask,0,0,1,0,0,0,0,0,0,0,0,0,0,0,0,0,0,0
org.eclipse.mylyn.internal.tasks.core.LocalTaskListFactory,0,0,0,0,0,0,0,0,0,0,0,0,0,0,1,0,0,0
org.eclipse.mylyn.internal.tasks.core.OfflineDataStore,0,0,0,0,0,0,0,0,0,0,0,0,0,0,0,0,0,0
org.eclipse.mylyn.internal.tasks.core.Person,0,0,0,0,0,0,0,0,0,0,0,0,0,0,0,0,0,0
org.eclipse.mylyn.internal.tasks.core.RepositoryExternalizationParticipant,0,0,0,0,0,0,0,0,0,0,0,0,0,0,0,0,0,0
org.eclipse.mylyn.internal.tasks.core.RepositoryModel,0,0,0,0,0,0,0,0,0,0,0,0,1,0,0,0,0,0
org.eclipse.mylyn.internal.tasks.core.RepositoryPerson,0,0,1,0,0,0,0,0,0,0,0,0,0,0,0,0,0,0
org.eclipse.mylyn.internal.tasks.core.RepositoryQuery,0,0,1,0,0,0,0,0,0,0,0,0,0,0,0,0,0,0
org.eclipse.mylyn.internal.tasks.core.RepositoryTaskHandleUtil,0,0,1,0,0,0,0,0,0,0,0,0,0,0,0,0,0,0
org.eclipse.mylyn.internal.tasks.core.RepositoryTemplateManager,0,1,0,0,0,0,0,0,0,0,0,0,0,0,0,0,0,0
org.eclipse.mylyn.internal.tasks.core.SaxRepositoriesContentHandler,0,0,0,0,0,0,0,0,0,0,0,0,0,0,0,0,0,0
org.eclipse.mylyn.internal.tasks.core.SaxRepositoriesWriter,0,0,0,0,0,0,0,0,0,0,0,0,0,0,0,0,0,0
org.eclipse.mylyn.internal.tasks.core.SaxRepositoriesWriter.RepositoriesWriter,0,0,0,0,0,0,0,0,0,0,0,0,0,0,0,0,0,0
org.eclipse.mylyn.internal.tasks.core.ScheduledTaskContainer,0,0,0,0,0,0,0,0,0,0,1,0,1,0,0,0,0,0
org.eclipse.mylyn.internal.tasks.core.TaskActivationHistory,0,0,1,0,0,0,0,0,0,0,0,0,0,0,0,0,0,0
org.eclipse.mylyn.internal.tasks.core.TaskActivityManager,0,1,0,1,0,0,1,1,0,0,1,0,0,0,0,0,0,0
org.eclipse.mylyn.internal.tasks.core.TaskActivityUtil,0,0,0,0,0,0,0,0,0,0,0,0,0,0,0,0,0,0
org.eclipse.mylyn.internal.tasks.core.TaskAttachment,0,0,0,0,0,0,0,0,0,0,0,0,0,0,0,0,0,0
org.eclipse.mylyn.internal.tasks.core.TaskCategory,0,0,1,0,0,0,0,0,0,0,0,0,0,0,1,0,0,0
org.eclipse.mylyn.internal.tasks.core.TaskComment,0,0,0,0,0,0,0,0,0,0,0,0,0,0,0,0,0,0
org.eclipse.mylyn.internal.tasks.core.TaskContainerDelta,0,0,1,0,0,0,0,0,0,0,0,0,0,0,0,0,0,0
org.eclipse.mylyn.internal.tasks.core.TaskContainerDelta.Kind,0,0,0,0,0,0,0,0,0,0,0,0,0,0,0,0,0,0
org.eclipse.mylyn.internal.tasks.core.TaskDataState,0,0,1,0,0,0,0,0,0,0,0,0,0,0,0,0,0,0
org.eclipse.mylyn.internal.tasks.core.TaskDataStorageManager,0,1,0,0,0,0,1,0,0,0,1,0,0,0,0,0,0,0
org.eclipse.mylyn.internal.tasks.core.TaskExternalizationException,0,0,0,0,0,0,0,0,0,0,0,0,0,0,0,0,0,0
org.eclipse.mylyn.internal.tasks.core.TaskGroup,0,0,0,0,0,0,0,0,0,0,0,0,0,0,0,0,0,0
org.eclipse.mylyn.internal.tasks.core.TaskList,0,0,0,1,0,0,1,1,0,0,1,0,0,0,0,0,0,0
org.eclipse.mylyn.internal.tasks.core.TaskRepositoriesExternalizer,0,0,0,0,0,0,0,0,0,0,1,0,0,0,0,0,0,0
org.eclipse.mylyn.internal.tasks.core.TaskRepositoryAdapter,0,0,0,0,0,0,0,0,0,0,0,0,0,0,0,0,0,0
org.eclipse.mylyn.internal.tasks.core.TaskRepositoryLocation,0,0,0,0,0,0,0,0,0,0,1,0,0,1,1,0,0,0
org.eclipse.mylyn.internal.tasks.core.TaskRepositoryManager,0,1,0,0,0,0,1,0,0,0,1,0,1,0,0,0,0,0
org.eclipse.mylyn.internal.tasks.core.TaskTask,0,0,1,0,0,1,0,0,0,0,0,0,0,0,0,0,0,0
org.eclipse.mylyn.internal.tasks.core.UncategorizedTaskContainer,0,0,1,0,0,0,0,0,0,0,0,0,0,0,1,0,0,0
org.eclipse.mylyn.internal.tasks.core.UnmatchedTaskContainer,0,0,1,0,0,0,0,0,0,0,0,0,0,0,1,0,0,0
org.eclipse.mylyn.internal.tasks.core.UnsubmittedTaskContainer,0,0,1,0,0,0,0,0,0,0,0,0,0,0,1,0,0,0
org.eclipse.mylyn.internal.tasks.core.WeekDateRange,0,0,1,0,0,0,0,0,0,0,0,0,0,0,0,0,0,0
org.eclipse.mylyn.internal.tasks.core.data.ElementHandler,0,0,0,0,0,0,0,0,0,0,0,0,0,0,0,0,0,0
org.eclipse.mylyn.internal.tasks.core.data.FileTaskAttachmentSource,0,0,1,0,0,0,0,0,0,0,0,0,0,0,1,0,0,0
org.eclipse.mylyn.internal.tasks.core.data.ITaskDataConstants,0,0,0,0,0,0,0,0,0,0,0,0,0,0,0,0,0,0
org.eclipse.mylyn.internal.tasks.core.data.ITaskDataManagerListener,0,0,0,0,0,0,0,0,0,0,0,0,0,0,0,0,0,0
org.eclipse.mylyn.internal.tasks.core.data.TaskDataExternalizer,0,0,0,0,0,0,0,0,0,0,0,0,0,0,0,0,0,0
org.eclipse.mylyn.internal.tasks.core.data.TaskDataManager,0,1,0,1,0,0,1,1,0,0,1,1,0,0,0,0,0,0
org.eclipse.mylyn.internal.tasks.core.data.TaskDataManagerEvent,0,1,1,0,0,0,0,0,0,0,0,0,0,0,0,0,0,0
org.eclipse.mylyn.internal.tasks.core.data.TaskDataState,0,0,0,0,0,0,0,0,0,0,0,0,0,0,0,0,0,0
org.eclipse.mylyn.internal.tasks.core.data.TaskDataStateReader,0,0,0,0,0,0,0,0,0,0,0,0,0,0,0,0,0,0
org.eclipse.mylyn.internal.tasks.core.data.TaskDataStateReader.AttachmentHandler10,0,0,0,0,0,0,0,0,0,0,0,0,0,0,0,0,0,0
org.eclipse.mylyn.internal.tasks.core.data.TaskDataStateReader.TaskStateHandler,0,0,0,0,0,0,0,0,0,0,0,0,0,0,0,0,0,0
org.eclipse.mylyn.internal.tasks.core.data.TaskDataStateWriter,0,0,0,0,0,0,0,0,0,0,1,0,0,0,0,0,0,0
org.eclipse.mylyn.internal.tasks.core.data.TaskDataStore,0,0,0,0,0,0,0,0,0,0,0,0,0,0,0,0,0,0
org.eclipse.mylyn.internal.tasks.core.data.TextTaskAttachmentSource,0,0,0,0,0,0,0,0,0,0,0,0,0,0,1,0,0,0
org.eclipse.mylyn.internal.tasks.core.deprecated.AbstractAttachmentHandler,0,0,0,0,0,0,0,0,0,0,1,1,0,0,0,0,0,0
org.eclipse.mylyn.internal.tasks.core.deprecated.AbstractAttributeFactory,0,0,0,0,0,0,0,0,0,0,0,0,0,1,0,1,1,0
org.eclipse.mylyn.internal.tasks.core.deprecated.AbstractLegacyDuplicateDetector,0,0,1,0,0,0,0,0,0,0,1,0,0,0,1,0,0,0
org.eclipse.mylyn.internal.tasks.core.deprecated.AbstractLegacyRepositoryConnector,0,0,0,0,0,0,1,0,0,0,1,0,0,0,0,0,0,0
org.eclipse.mylyn.internal.tasks.core.deprecated.AbstractTaskDataHandler,0,0,0,0,0,0,0,0,0,0,1,0,0,0,0,0,0,0
org.eclipse.mylyn.internal.tasks.core.deprecated.AbstractTaskListFactory,0,0,0,0,0,0,0,0,0,0,0,0,0,1,0,1,1,0
org.eclipse.mylyn.internal.tasks.core.deprecated.AttributeContainer,0,0,1,0,0,0,0,0,0,0,0,0,0,0,0,0,0,0
org.eclipse.mylyn.internal.tasks.core.deprecated.DefaultTaskSchema,0,0,0,0,0,0,0,0,0,0,1,0,0,0,0,0,0,0
org.eclipse.mylyn.internal.tasks.core.deprecated.FileAttachment,0,0,0,0,0,0,0,0,0,0,0,0,0,0,0,0,0,0
org.eclipse.mylyn.internal.tasks.core.deprecated.ITaskAttachment,0,0,0,0,0,0,0,0,0,0,0,0,0,0,0,0,0,0
org.eclipse.mylyn.internal.tasks.core.deprecated.ITaskCollector,0,0,0,0,0,0,0,0,0,0,0,0,0,0,0,0,0,0
org.eclipse.mylyn.internal.tasks.core.deprecated.ITaskFactory,0,0,0,0,0,0,0,0,0,0,0,0,0,0,0,0,0,0
org.eclipse.mylyn.internal.tasks.core.deprecated.LegacyTaskDataCollector,0,0,0,0,0,0,0,0,0,0,0,0,0,1,1,0,0,0
org.eclipse.mylyn.internal.tasks.core.deprecated.QueryHitCollector,0,0,0,0,0,0,0,0,0,0,0,0,0,0,1,0,0,0
org.eclipse.mylyn.internal.tasks.core.deprecated.RepositoryAttachment,0,0,1,0,0,0,0,0,0,0,0,0,0,0,0,0,0,0
org.eclipse.mylyn.internal.tasks.core.deprecated.RepositoryOperation,0,0,1,0,0,0,0,0,0,0,0,0,0,0,0,0,0,0
org.eclipse.mylyn.internal.tasks.core.deprecated.RepositoryTaskAttribute,0,0,1,1,0,0,0,1,0,0,0,0,0,0,0,0,0,0
org.eclipse.mylyn.internal.tasks.core.deprecated.RepositoryTaskData,0,0,1,1,0,0,0,1,0,0,0,1,0,0,0,0,0,0
org.eclipse.mylyn.internal.tasks.core.deprecated.TaskComment,0,0,1,0,0,0,0,0,0,0,0,0,0,0,0,0,0,0
org.eclipse.mylyn.internal.tasks.core.deprecated.TaskFactory,0,0,0,0,0,0,0,0,0,0,1,1,0,0,0,0,0,0
org.eclipse.mylyn.internal.tasks.core.deprecated.TaskSelection,0,0,0,0,0,0,0,0,0,0,0,0,0,0,0,0,0,0
org.eclipse.mylyn.internal.tasks.core.externalization.AbstractExternalizationParticipant,0,0,0,0,0,0,0,0,0,0,0,0,0,0,0,0,0,0
org.eclipse.mylyn.internal.tasks.core.externalization.DelegatingTaskExternalizer,0,0,0,1,0,0,1,1,0,0,0,1,1,0,0,0,0,0
org.eclipse.mylyn.internal.tasks.core.externalization.ExternalizationManager,0,1,0,0,0,0,0,0,0,0,0,0,0,0,0,0,0,0
org.eclipse.mylyn.internal.tasks.core.externalization.IExternalizationContext,0,0,0,0,0,0,0,0,0,0,0,0,0,0,0,0,0,0
org.eclipse.mylyn.internal.tasks.core.externalization.IExternalizationContext.Kind,0,0,0,0,0,0,0,0,0,0,0,0,0,0,0,0,0,0
org.eclipse.mylyn.internal.tasks.core.externalization.IExternalizationParticipant,0,0,0,0,0,0,0,0,0,0,0,0,0,0,0,0,0,0
org.eclipse.mylyn.internal.tasks.core.externalization.TaskListExternalizationParticipant,0,0,0,0,0,0,0,0,0,0,0,1,1,0,0,0,0,1
org.eclipse.mylyn.internal.tasks.core.externalization.TaskListExternalizer,0,0,0,0,0,0,0,0,0,0,0,0,1,0,0,0,0,0
org.eclipse.mylyn.internal.tasks.core.sync.SubmitTaskAttachmentJob,0,0,0,0,0,0,0,0,0,0,1,1,0,0,1,0,0,0
org.eclipse.mylyn.internal.tasks.core.sync.SubmitTaskJob,0,0,0,0,0,0,0,0,0,0,1,1,0,0,1,0,0,0
org.eclipse.mylyn.internal.tasks.core.sync.SynchronizationSession,0,0,0,0,0,0,0,0,0,0,0,0,0,0,0,0,0,0
org.eclipse.mylyn.internal.tasks.core.sync.SynchronizeQueriesJob,0,0,0,0,0,0,0,0,0,0,0,1,0,0,1,0,0,0
org.eclipse.mylyn.internal.tasks.core.sync.SynchronizeRepositoriesJob,0,0,0,0,0,0,0,0,0,0,1,1,0,0,1,0,0,0
org.eclipse.mylyn.internal.tasks.core.sync.SynchronizeTasksJob,0,0,0,0,0,0,1,0,0,0,1,1,1,0,1,0,0,0
org.eclipse.mylyn.internal.tasks.ui.AbstractTaskListFilter,0,0,0,0,0,0,0,0,0,0,0,0,0,1,0,0,0,0
org.eclipse.mylyn.internal.tasks.ui.ActivityExternalizationParticipant,0,0,0,0,0,0,0,0,0,0,0,0,1,0,0,0,0,0
org.eclipse.mylyn.internal.tasks.ui.AddExistingTaskJob,0,0,0,0,0,0,0,0,0,0,0,0,1,0,0,0,0,0
org.eclipse.mylyn.internal.tasks.ui.CategorizedPresentation,0,0,0,0,0,0,0,0,0,0,0,0,0,0,1,0,0,0
org.eclipse.mylyn.internal.tasks.ui.ComboSelectionDialog,0,0,0,0,0,0,0,0,0,0,1,1,0,0,0,0,0,0
org.eclipse.mylyn.internal.tasks.ui.DialogErrorReporter,0,0,0,0,0,0,0,0,0,0,0,0,0,0,1,0,0,0
org.eclipse.mylyn.internal.tasks.ui.IDynamicSubMenuContributor,0,0,0,0,0,0,0,0,0,0,0,0,0,0,0,0,0,0
org.eclipse.mylyn.internal.tasks.ui.ITaskCommandIds,0,0,0,0,0,0,0,0,0,0,0,0,0,0,0,0,0,0
org.eclipse.mylyn.internal.tasks.ui.ITaskHighlighter,0,0,0,0,0,0,0,0,0,0,0,0,0,0,0,0,0,0
org.eclipse.mylyn.internal.tasks.ui.ITaskListNotificationProvider,0,0,0,0,0,0,0,0,0,0,0,0,0,0,0,0,0,0
org.eclipse.mylyn.internal.tasks.ui.ITasksUiPreferenceConstants,0,0,0,0,0,0,0,0,0,0,0,0,0,0,0,0,0,0
org.eclipse.mylyn.internal.tasks.ui.LegacyChangeManager,0,1,0,0,0,0,1,0,0,0,1,0,0,0,0,0,0,0
org.eclipse.mylyn.internal.tasks.ui.LocalRepositoryConnectorUi,0,0,0,0,0,0,0,0,0,0,0,0,0,0,0,0,0,0
org.eclipse.mylyn.internal.tasks.ui.MoveToCategoryMenuContributor,0,0,0,0,0,0,0,0,0,0,1,0,0,0,0,0,0,0
org.eclipse.mylyn.internal.tasks.ui.OfflineCachingStorage,0,0,0,0,0,0,0,0,0,0,0,0,0,0,0,0,0,0
org.eclipse.mylyn.internal.tasks.ui.OfflineCachingStorage.RequestSaveTimerTask,0,0,0,0,0,0,0,0,0,0,0,0,0,0,0,0,0,0
org.eclipse.mylyn.internal.tasks.ui.OfflineFileStorage,0,0,0,1,0,0,1,1,0,0,1,0,0,0,0,0,0,0
org.eclipse.mylyn.internal.tasks.ui.OpenRepositoryTaskJob,0,0,0,0,0,0,0,0,0,0,1,1,0,0,0,0,0,0
org.eclipse.mylyn.internal.tasks.ui.PersonContentProposal,0,0,0,0,0,0,0,0,0,0,0,0,0,0,0,0,0,0
org.eclipse.mylyn.internal.tasks.ui.PersonProposalLabelProvider,0,0,0,0,0,0,0,0,0,0,0,0,0,0,0,0,0,0
org.eclipse.mylyn.internal.tasks.ui.PersonProposalProvider,0,0,1,0,0,0,0,0,0,0,1,0,0,0,0,0,0,0
org.eclipse.mylyn.internal.tasks.ui.PlanningPerspectiveFactory,0,0,0,0,0,0,0,0,0,0,0,0,0,0,0,0,0,0
org.eclipse.mylyn.internal.tasks.ui.RefactorRepositoryUrlOperation,0,0,0,0,0,0,0,0,0,0,1,0,0,0,1,0,0,0
org.eclipse.mylyn.internal.tasks.ui.RepositoryAwareStatusHandler,0,0,0,0,0,0,0,0,0,0,0,0,0,0,0,0,0,0
org.eclipse.mylyn.internal.tasks.ui.ScheduleDatePicker,0,0,0,0,0,0,0,0,0,0,1,0,1,0,0,0,0,0
org.eclipse.mylyn.internal.tasks.ui.ScheduleTaskMenuContributor,0,0,0,0,0,0,1,0,0,0,0,0,1,0,0,0,0,0
org.eclipse.mylyn.internal.tasks.ui.ScheduledPresentation,0,0,0,0,0,0,0,0,0,0,0,0,1,0,1,0,0,0
org.eclipse.mylyn.internal.tasks.ui.TaskActivityMonitor,0,0,0,0,0,0,0,0,0,0,1,0,1,0,0,0,0,0
org.eclipse.mylyn.internal.tasks.ui.TaskArchiveFilter,0,0,0,0,0,0,0,0,1,1,0,0,0,0,1,0,0,0
org.eclipse.mylyn.internal.tasks.ui.TaskCompletionFilter,0,0,0,0,0,0,0,0,1,1,0,0,0,0,1,0,0,0
org.eclipse.mylyn.internal.tasks.ui.TaskEditorBloatMonitor,0,0,0,0,0,0,0,0,0,0,1,0,0,0,1,0,0,0
org.eclipse.mylyn.internal.tasks.ui.TaskHistoryDropDown,0,0,0,0,0,0,0,0,0,0,1,0,1,0,0,0,0,0
org.eclipse.mylyn.internal.tasks.ui.TaskHistoryHandler,0,0,0,0,0,0,0,0,0,0,0,0,0,0,0,0,0,0
org.eclipse.mylyn.internal.tasks.ui.TaskHyperlink,0,0,1,0,0,1,0,0,0,0,0,0,0,0,1,0,0,0
org.eclipse.mylyn.internal.tasks.ui.TaskJobFactory,0,0,0,0,0,0,0,0,0,0,0,1,0,0,0,0,0,0
org.eclipse.mylyn.internal.tasks.ui.TaskLabelDecorator,0,0,0,0,0,0,0,0,0,0,1,0,1,0,0,0,0,0
org.eclipse.mylyn.internal.tasks.ui.TaskListBackupManager,0,0,0,0,0,0,0,0,0,0,1,0,0,0,0,0,0,0
org.eclipse.mylyn.internal.tasks.ui.TaskListManager,0,1,0,0,0,0,0,0,0,0,0,0,1,0,0,0,0,0
org.eclipse.mylyn.internal.tasks.ui.TaskListModifyOperation,0,0,0,0,0,0,0,0,0,0,0,0,0,1,0,1,1,0
org.eclipse.mylyn.internal.tasks.ui.TaskListNotificationManager,0,0,0,0,0,0,1,0,0,0,0,0,1,0,0,0,0,0
org.eclipse.mylyn.internal.tasks.ui.TaskListSynchronizationScheduler,0,0,0,0,0,0,0,0,0,0,0,0,0,0,0,0,0,0
org.eclipse.mylyn.internal.tasks.ui.TaskPriorityFilter,0,0,0,0,0,0,0,0,0,0,0,0,0,0,1,0,0,0
org.eclipse.mylyn.internal.tasks.ui.TaskRepositoryAdapterFactory,0,0,0,0,0,0,0,0,0,0,0,0,0,0,0,0,0,0
org.eclipse.mylyn.internal.tasks.ui.TaskRepositoryLocationUi,0,0,0,0,0,1,0,0,0,0,0,0,0,0,1,0,0,0
org.eclipse.mylyn.internal.tasks.ui.TaskRepositoryUtil,0,0,0,0,0,0,0,0,0,0,0,0,0,0,0,0,0,0
org.eclipse.mylyn.internal.tasks.ui.TaskSearchPage,0,0,0,0,0,0,1,0,0,0,1,0,1,0,0,0,0,0
org.eclipse.mylyn.internal.tasks.ui.TaskSearchPage.DeadSearchPage,0,0,0,0,0,0,0,0,0,0,0,0,0,0,0,0,0,0
org.eclipse.mylyn.internal.tasks.ui.TaskTransfer,0,0,0,0,0,0,0,0,0,0,0,0,0,0,0,0,0,0
org.eclipse.mylyn.internal.tasks.ui.TaskTrimWidget,1,0,0,0,0,1,0,0,0,0,1,0,0,0,0,0,0,0
org.eclipse.mylyn.internal.tasks.ui.TaskWorkingSetFilter,0,0,0,0,0,0,0,0,0,0,0,0,0,0,1,0,0,0
org.eclipse.mylyn.internal.tasks.ui.TasksAdapterFactory,0,0,0,0,0,0,0,0,0,0,0,0,0,0,0,0,0,0
org.eclipse.mylyn.internal.tasks.ui.TasksReminderDialog,0,0,0,0,0,0,0,0,0,0,1,0,0,0,0,0,0,0
org.eclipse.mylyn.internal.tasks.ui.TasksReminderDialog.ReminderTasksContentProvider,0,0,0,0,0,0,0,0,0,0,0,0,0,0,0,0,0,0
org.eclipse.mylyn.internal.tasks.ui.TasksReminderDialog.ReminderTasksLabelProvider,0,0,0,0,0,0,0,0,0,0,0,0,0,0,0,0,0,0
org.eclipse.mylyn.internal.tasks.ui.TasksUiMessages,0,0,0,0,0,0,0,0,1,1,0,0,0,0,0,0,0,0
org.eclipse.mylyn.internal.tasks.ui.TasksUiPlugin,0,0,0,1,0,0,1,1,0,0,0,0,0,0,0,0,0,0
org.eclipse.mylyn.internal.tasks.ui.TasksUiPlugin.OrderComparator,0,0,0,0,0,0,0,0,0,0,0,0,0,0,0,0,0,0
org.eclipse.mylyn.internal.tasks.ui.actions.AbstractChangeCompletionAction,0,0,0,0,0,0,0,0,0,0,0,0,0,1,0,0,0,0
org.eclipse.mylyn.internal.tasks.ui.actions.AbstractTaskAction,0,0,0,0,0,0,0,0,0,0,0,0,0,0,0,0,0,0
org.eclipse.mylyn.internal.tasks.ui.actions.AbstractTaskEditorAction,0,0,0,0,0,0,0,0,0,0,0,0,1,0,0,1,1,0
org.eclipse.mylyn.internal.tasks.ui.actions.AbstractTaskRepositoryAction,0,0,0,0,0,0,0,0,0,0,0,0,0,1,0,0,0,0
org.eclipse.mylyn.internal.tasks.ui.actions.ActivateTaskDialogAction,0,0,0,0,0,0,0,0,0,0,0,0,0,0,0,0,0,0
org.eclipse.mylyn.internal.tasks.ui.actions.ActivateTaskHistoryDropDownAction,0,0,0,0,0,0,0,0,0,0,0,0,0,0,0,0,0,0
org.eclipse.mylyn.internal.tasks.ui.actions.AddRepositoryAction,0,0,0,0,0,0,0,0,0,0,0,0,0,0,0,0,0,0
org.eclipse.mylyn.internal.tasks.ui.actions.AddRepositoryTaskAction,0,0,0,0,0,0,0,0,0,0,0,0,0,0,0,0,0,0
org.eclipse.mylyn.internal.tasks.ui.actions.AttachAction,0,0,0,0,0,1,0,0,0,0,0,0,1,1,0,0,0,0
org.eclipse.mylyn.internal.tasks.ui.actions.AttachScreenshotAction,0,0,0,0,0,1,0,0,0,0,0,0,1,0,1,0,0,0
org.eclipse.mylyn.internal.tasks.ui.actions.ClearOutgoingAction,0,0,0,0,0,0,0,0,0,0,0,0,0,0,0,0,0,0
org.eclipse.mylyn.internal.tasks.ui.actions.CloneTaskAction,0,0,0,0,0,0,0,0,0,0,1,0,1,0,0,0,0,0
org.eclipse.mylyn.internal.tasks.ui.actions.CollapseAllAction,0,0,0,0,0,0,0,0,0,0,0,0,0,0,0,0,0,0
org.eclipse.mylyn.internal.tasks.ui.actions.CompareAttachmentsAction,0,0,0,0,0,0,0,0,0,0,0,0,0,0,0,0,0,0
org.eclipse.mylyn.internal.tasks.ui.actions.CopyTaskDetailsAction,0,0,0,0,0,0,0,0,0,0,1,0,0,0,0,0,0,0
org.eclipse.mylyn.internal.tasks.ui.actions.DeactivateAllTasksAction,0,0,0,0,0,0,0,0,0,0,0,0,0,0,0,0,0,0
org.eclipse.mylyn.internal.tasks.ui.actions.DeleteAction,0,0,0,0,0,0,0,0,0,0,1,0,0,0,0,0,0,0
org.eclipse.mylyn.internal.tasks.ui.actions.DeleteTaskRepositoryAction,0,0,0,0,0,0,0,0,0,0,1,0,1,0,1,0,0,0
org.eclipse.mylyn.internal.tasks.ui.actions.EditRepositoryPropertiesAction,0,0,0,0,0,0,0,0,0,0,0,0,1,0,1,0,0,0
org.eclipse.mylyn.internal.tasks.ui.actions.ExpandAllAction,0,0,0,0,0,0,0,0,0,0,0,0,0,0,0,0,0,0
org.eclipse.mylyn.internal.tasks.ui.actions.FilterArchiveContainerAction,0,0,0,0,0,0,0,0,0,0,0,0,0,0,0,0,0,0
org.eclipse.mylyn.internal.tasks.ui.actions.FilterCompletedTasksAction,0,0,0,0,0,0,0,0,0,0,0,0,0,0,0,0,0,0
org.eclipse.mylyn.internal.tasks.ui.actions.GoIntoAction,0,0,0,0,0,0,0,0,0,0,0,0,0,0,0,0,0,0
org.eclipse.mylyn.internal.tasks.ui.actions.GoUpAction,0,0,0,0,0,0,0,0,0,0,0,0,0,0,0,0,0,0
org.eclipse.mylyn.internal.tasks.ui.actions.GroupSubTasksAction,0,0,0,0,0,0,0,0,0,0,0,0,0,0,0,0,0,0
org.eclipse.mylyn.internal.tasks.ui.actions.LinkWithEditorAction,0,0,0,0,0,0,0,0,0,0,0,0,0,0,0,0,0,0
org.eclipse.mylyn.internal.tasks.ui.actions.MarkTaskCompleteAction,0,0,0,0,0,0,0,0,0,0,0,0,0,0,1,0,0,0
org.eclipse.mylyn.internal.tasks.ui.actions.MarkTaskIncompleteAction,0,0,0,0,0,0,0,0,0,0,0,0,0,0,1,0,0,0
org.eclipse.mylyn.internal.tasks.ui.actions.MoveTaskToRootAction,0,0,0,0,0,0,0,0,0,0,0,0,0,0,0,0,0,0
org.eclipse.mylyn.internal.tasks.ui.actions.NewCategoryAction,0,0,0,0,0,0,0,0,0,0,1,0,0,0,0,0,0,0
org.eclipse.mylyn.internal.tasks.ui.actions.NewQueryAction,0,0,0,0,0,0,0,0,0,0,1,0,0,0,0,0,0,0
org.eclipse.mylyn.internal.tasks.ui.actions.NewSubTaskAction,0,0,0,0,0,0,0,0,0,0,1,0,1,0,0,0,0,0
org.eclipse.mylyn.internal.tasks.ui.actions.NewTaskAction,0,0,0,0,0,0,0,0,0,0,0,0,1,0,0,0,0,0
org.eclipse.mylyn.internal.tasks.ui.actions.NewTaskFromSelectionAction,0,0,0,0,0,0,0,0,0,0,1,0,1,0,0,0,0,0
org.eclipse.mylyn.internal.tasks.ui.actions.OpenRepositoryTask,0,0,0,0,0,0,0,0,0,0,0,0,1,0,0,0,0,0
org.eclipse.mylyn.internal.tasks.ui.actions.OpenTaskAction,0,0,0,0,0,0,0,0,0,0,0,0,1,0,0,0,0,0
org.eclipse.mylyn.internal.tasks.ui.actions.OpenTaskListElementAction,0,0,0,0,0,0,0,0,0,0,0,0,1,0,0,0,0,0
org.eclipse.mylyn.internal.tasks.ui.actions.OpenTaskSearchAction,0,0,0,0,0,0,0,0,0,0,0,0,0,0,0,0,0,0
org.eclipse.mylyn.internal.tasks.ui.actions.OpenTasksUiPreferencesAction,0,0,0,0,0,0,0,0,0,0,0,0,0,0,0,0,0,0
org.eclipse.mylyn.internal.tasks.ui.actions.OpenWithBrowserAction,0,0,0,0,0,0,0,0,0,0,0,0,0,0,0,0,0,0
org.eclipse.mylyn.internal.tasks.ui.actions.PresentationDropDownSelectionAction,0,0,0,0,0,0,0,0,0,0,1,0,0,0,0,0,0,0
org.eclipse.mylyn.internal.tasks.ui.actions.QueryCloneAction,0,0,0,0,0,0,0,0,0,0,0,0,1,0,0,0,0,0
org.eclipse.mylyn.internal.tasks.ui.actions.QueryExportAction,0,0,0,0,0,0,0,0,0,0,1,0,1,0,0,0,0,0
org.eclipse.mylyn.internal.tasks.ui.actions.QueryImportAction,0,0,0,0,0,0,0,0,0,0,0,0,0,0,0,0,0,0
org.eclipse.mylyn.internal.tasks.ui.actions.RefreshRepositoryTasksAction,0,0,0,0,0,0,0,0,0,0,0,0,1,0,1,0,0,0
org.eclipse.mylyn.internal.tasks.ui.actions.RemoveFromCategoryAction,0,0,0,0,0,0,0,0,0,0,0,0,0,0,0,0,0,0
org.eclipse.mylyn.internal.tasks.ui.actions.RenameAction,0,0,0,0,0,0,0,0,0,0,0,0,0,0,0,0,0,0
org.eclipse.mylyn.internal.tasks.ui.actions.RestoreTaskListAction,0,0,0,0,0,0,0,0,0,0,0,0,0,0,0,0,0,0
org.eclipse.mylyn.internal.tasks.ui.actions.SearchForRepositoryTask,0,0,0,0,0,0,0,0,0,0,0,0,0,0,0,0,0,0
org.eclipse.mylyn.internal.tasks.ui.actions.ShowInTaskListAction,0,0,0,0,0,0,0,0,1,1,0,0,0,0,0,0,0,0
org.eclipse.mylyn.internal.tasks.ui.actions.ShowTaskRepositoriesViewAction,0,0,0,0,0,0,0,0,0,0,0,0,0,0,0,0,0,0
org.eclipse.mylyn.internal.tasks.ui.actions.ShowTasksUiLegendAction,0,0,0,0,0,0,0,0,0,0,0,0,0,0,0,0,0,0
org.eclipse.mylyn.internal.tasks.ui.actions.SynchronizeAllAction,0,0,0,0,0,0,0,0,0,0,0,0,1,0,0,0,0,0
org.eclipse.mylyn.internal.tasks.ui.actions.SynchronizeAutomaticallyAction,0,0,0,0,0,0,0,0,0,0,0,0,0,0,0,0,0,0
org.eclipse.mylyn.internal.tasks.ui.actions.SynchronizeEditorAction,0,0,0,0,0,0,0,0,0,0,0,0,1,0,0,0,0,0
org.eclipse.mylyn.internal.tasks.ui.actions.SynchronizeSelectedAction,0,0,0,0,0,0,0,0,0,0,1,0,1,0,0,0,0,0
org.eclipse.mylyn.internal.tasks.ui.actions.TaskActivateAction,0,0,0,0,0,0,0,0,0,0,0,0,0,0,0,0,0,0
org.eclipse.mylyn.internal.tasks.ui.actions.TaskDeactivateAction,0,0,0,0,0,0,0,0,0,0,0,0,0,0,0,0,0,0
org.eclipse.mylyn.internal.tasks.ui.actions.TaskEditorCopyAction,0,0,0,0,0,0,0,0,1,1,0,0,0,0,0,0,0,0
org.eclipse.mylyn.internal.tasks.ui.actions.TaskExportAction,0,0,0,0,0,0,0,0,0,0,1,0,0,0,0,0,0,0
org.eclipse.mylyn.internal.tasks.ui.actions.TaskImportAction,0,0,0,0,0,0,0,0,0,0,0,0,0,0,0,0,0,0
org.eclipse.mylyn.internal.tasks.ui.actions.TaskListSortAction,0,0,0,0,0,0,0,0,0,0,0,0,0,0,0,0,0,0
org.eclipse.mylyn.internal.tasks.ui.actions.TaskSelectionDialog,0,0,0,1,0,0,1,1,0,0,1,0,0,0,0,0,0,0
org.eclipse.mylyn.internal.tasks.ui.actions.TaskSelectionDialog.TaskSelectionHistory,0,0,0,0,0,0,0,0,0,0,0,0,0,0,0,0,0,0
org.eclipse.mylyn.internal.tasks.ui.actions.TaskWorkingSetAction,1,0,0,0,0,1,0,0,0,0,0,0,0,0,0,0,0,0
org.eclipse.mylyn.internal.tasks.ui.actions.TaskWorkingSetAction.ConfigureWindowWorkingSetsDialog,0,0,0,0,0,0,0,0,0,0,0,0,0,0,0,0,0,0
org.eclipse.mylyn.internal.tasks.ui.actions.ToggleAllWorkingSetsAction,0,0,0,0,0,0,0,0,0,0,0,0,0,0,0,0,0,0
org.eclipse.mylyn.internal.tasks.ui.actions.ToggleTaskActivationAction,0,0,0,0,0,0,0,0,0,0,0,0,0,0,0,0,0,0
org.eclipse.mylyn.internal.tasks.ui.actions.ToggleWorkingSetAction,0,0,0,0,0,0,0,0,0,0,1,0,0,0,0,0,0,0
org.eclipse.mylyn.internal.tasks.ui.commands.AbstractTaskHandler,0,0,0,0,0,0,0,0,0,0,0,0,0,0,0,0,0,0
org.eclipse.mylyn.internal.tasks.ui.commands.AbstractTaskListViewHandler,0,0,0,0,0,0,0,0,0,0,0,0,0,0,0,0,0,0
org.eclipse.mylyn.internal.tasks.ui.commands.AddTaskRepositoryHandler,0,0,0,0,0,0,0,0,1,1,0,0,0,0,0,0,0,0
org.eclipse.mylyn.internal.tasks.ui.commands.GoToUnreadTaskHandler,0,0,0,0,0,0,0,0,0,0,0,0,0,0,0,0,0,0
org.eclipse.mylyn.internal.tasks.ui.commands.MarkTaskHandler,0,0,0,0,0,0,0,0,1,1,0,0,0,0,0,0,0,0
org.eclipse.mylyn.internal.tasks.ui.commands.NewLocalTaskHandler,0,0,0,0,0,0,0,0,1,1,0,0,1,0,0,0,0,0
org.eclipse.mylyn.internal.tasks.ui.commands.NewSubTaskHandler,0,0,0,0,0,0,0,0,1,1,0,0,1,0,0,0,0,0
org.eclipse.mylyn.internal.tasks.ui.commands.OpenSelectedTaskHandler,0,0,0,0,0,0,0,0,1,1,0,0,1,0,0,0,0,0
org.eclipse.mylyn.internal.tasks.ui.commands.OpenTaskAttachmentInBrowserHandler,0,0,0,0,0,0,0,0,1,1,0,0,0,0,0,0,0,0
org.eclipse.mylyn.internal.tasks.ui.commands.OpenTaskAttachmentInDefaultEditorHandler,0,0,0,0,0,0,0,0,0,0,0,0,0,0,0,0,0,0
org.eclipse.mylyn.internal.tasks.ui.commands.OpenTaskListElementPropertiesHandler,0,0,0,0,0,0,0,0,1,1,0,0,1,0,0,0,0,0
org.eclipse.mylyn.internal.tasks.ui.commands.RemoteTaskSelectionDialog,0,0,0,0,0,0,0,0,0,0,0,0,0,0,0,0,0,0
org.eclipse.mylyn.internal.tasks.ui.commands.TaskListToolTipHandler,0,0,0,0,0,0,0,0,1,1,0,0,0,0,0,0,0,0
org.eclipse.mylyn.internal.tasks.ui.commands.TaskRepositoryParameterValues,0,0,0,0,0,0,0,0,1,1,0,0,0,0,0,0,0,0
org.eclipse.mylyn.internal.tasks.ui.deprecated.AbstractNewRepositoryTaskEditor,0,0,0,1,0,1,0,1,0,0,1,0,1,0,0,0,0,0
org.eclipse.mylyn.internal.tasks.ui.deprecated.AbstractRepositoryQueryWizard,0,0,0,0,0,0,0,0,0,0,0,0,0,0,0,0,0,0
org.eclipse.mylyn.internal.tasks.ui.deprecated.AbstractRepositoryTaskEditor,0,0,0,1,0,1,1,1,0,0,0,0,3,0,0,1,1,0
org.eclipse.mylyn.internal.tasks.ui.deprecated.AbstractRepositoryTaskEditor$11$2,0,0,0,0,0,0,0,0,0,0,0,0,1,0,0,0,0,0
org.eclipse.mylyn.internal.tasks.ui.deprecated.AbstractRepositoryTaskEditor$11$2$1,0,0,0,0,0,0,0,0,0,0,0,0,1,0,0,0,0,0
org.eclipse.mylyn.internal.tasks.ui.deprecated.AbstractRepositoryTaskEditor$2$1,0,0,0,0,0,0,0,0,0,0,0,0,1,0,0,0,0,0
org.eclipse.mylyn.internal.tasks.ui.deprecated.AbstractRepositoryTaskEditor$2$1$1,0,0,0,0,0,0,0,0,0,0,0,0,1,0,0,0,0,0
org.eclipse.mylyn.internal.tasks.ui.deprecated.AbstractRepositoryTaskEditor$50$1,0,0,0,0,0,0,0,0,0,0,0,0,0,0,0,0,0,0
org.eclipse.mylyn.internal.tasks.ui.deprecated.AbstractRepositoryTaskEditor$50$1$1,0,0,0,0,0,0,0,0,0,0,0,0,0,0,0,0,0,0
org.eclipse.mylyn.internal.tasks.ui.deprecated.AbstractRepositoryTaskEditor.11.2,0,0,0,0,0,0,0,0,0,0,0,0,0,0,0,0,0,0
org.eclipse.mylyn.internal.tasks.ui.deprecated.AbstractRepositoryTaskEditor.2.1,0,0,0,0,0,0,0,0,0,0,0,0,0,0,0,0,0,0
org.eclipse.mylyn.internal.tasks.ui.deprecated.AbstractRepositoryTaskEditor.50.1,0,0,0,0,0,0,0,0,0,0,0,0,0,0,0,0,0,0
org.eclipse.mylyn.internal.tasks.ui.deprecated.AbstractRepositoryTaskEditor.NewCommentListener,0,0,0,0,0,0,0,0,0,0,0,0,0,0,0,0,0,0
org.eclipse.mylyn.internal.tasks.ui.deprecated.AbstractRepositoryTaskEditor.RadioButtonListener,0,0,0,0,0,0,0,0,0,0,0,0,0,0,0,0,0,0
org.eclipse.mylyn.internal.tasks.ui.deprecated.AbstractRepositoryTaskEditor.TabVerifyKeyListener,0,0,0,0,0,0,0,0,0,0,0,0,0,0,0,0,0,0
org.eclipse.mylyn.internal.tasks.ui.deprecated.AbstractRepositoryTaskEditorInput,0,0,0,0,0,0,0,0,0,0,0,0,1,0,0,1,1,0
org.eclipse.mylyn.internal.tasks.ui.deprecated.AbstractTaskEditorFactory,0,0,0,0,0,0,0,0,0,0,0,0,0,0,0,0,0,0
org.eclipse.mylyn.internal.tasks.ui.deprecated.CopyAttachmentToClipboardJob,0,0,0,0,0,0,0,0,0,0,0,0,0,0,0,0,0,0
org.eclipse.mylyn.internal.tasks.ui.deprecated.DownloadAttachmentJob,0,0,0,0,0,0,0,0,0,0,1,0,0,0,0,0,0,0
org.eclipse.mylyn.internal.tasks.ui.deprecated.NewTaskEditorInput,0,0,0,0,0,1,0,0,0,0,0,0,0,0,1,0,0,0
org.eclipse.mylyn.internal.tasks.ui.deprecated.RepositoryTaskEditorInput,0,0,1,0,0,0,0,0,0,0,0,0,0,1,0,0,0,0
org.eclipse.mylyn.internal.tasks.ui.deprecated.TaskFactory,0,0,0,0,0,0,0,0,0,0,1,1,0,0,0,0,0,0
org.eclipse.mylyn.internal.tasks.ui.deprecated.TaskFormPage,0,0,0,0,0,0,1,0,0,0,1,1,0,0,0,0,0,0
org.eclipse.mylyn.internal.tasks.ui.dialogs.AbstractWorkingSetDialogCOPY,0,0,0,0,0,0,0,0,0,0,1,0,0,0,0,1,1,0
org.eclipse.mylyn.internal.tasks.ui.dialogs.TaskListSortDialog,0,0,0,0,0,0,0,0,0,0,0,0,0,0,0,0,0,0
org.eclipse.mylyn.internal.tasks.ui.dialogs.TaskRepositoryCredentialsDialog,0,0,0,0,0,0,0,0,0,0,1,0,0,0,0,0,0,0
org.eclipse.mylyn.internal.tasks.ui.dialogs.UiLegendControl,0,1,0,0,0,0,0,0,0,0,1,0,0,0,0,0,0,0
org.eclipse.mylyn.internal.tasks.ui.dialogs.UiLegendDialog,0,0,0,0,0,0,0,0,0,0,0,0,0,0,0,0,0,0
org.eclipse.mylyn.internal.tasks.ui.dialogs.UiLegendDialog.CloseDialogAction,0,0,0,0,0,0,0,0,0,0,0,0,0,0,0,0,0,0
org.eclipse.mylyn.internal.tasks.ui.editors.AbstractReplyToCommentAction,0,0,0,0,0,0,0,0,0,0,0,0,1,0,0,0,0,0
org.eclipse.mylyn.internal.tasks.ui.editors.AttachmentSizeFormatter,0,0,0,0,0,0,0,0,0,0,0,0,0,0,0,0,0,0
org.eclipse.mylyn.internal.tasks.ui.editors.AttachmentTableLabelProvider,0,0,0,0,0,0,0,0,0,0,0,0,0,0,0,0,0,0
org.eclipse.mylyn.internal.tasks.ui.editors.AttachmentTableLabelProvider2,0,0,0,0,0,0,0,0,0,0,0,0,0,0,0,0,0,0
org.eclipse.mylyn.internal.tasks.ui.editors.AttachmentsTableContentProvider,0,0,0,0,0,0,0,0,0,0,0,0,0,0,0,0,0,0
org.eclipse.mylyn.internal.tasks.ui.editors.AttachmentsTableContentProvider2,0,0,0,0,0,0,0,0,0,0,0,0,0,0,0,0,0,0
org.eclipse.mylyn.internal.tasks.ui.editors.BooleanAttributeEditor,0,0,0,0,0,0,0,0,0,0,0,0,1,0,0,0,0,0
org.eclipse.mylyn.internal.tasks.ui.editors.CategoryEditor,0,0,0,0,0,0,0,0,0,0,1,0,0,0,0,0,0,0
org.eclipse.mylyn.internal.tasks.ui.editors.CategoryEditorInput,0,0,0,0,0,0,0,0,0,0,0,0,0,0,0,0,0,0
org.eclipse.mylyn.internal.tasks.ui.editors.ContentOutlineTools,0,0,0,0,0,0,0,0,0,0,0,0,0,0,0,0,0,0
org.eclipse.mylyn.internal.tasks.ui.editors.ControlSelectionService,0,1,0,0,0,0,0,0,0,0,0,0,0,0,0,0,0,0
org.eclipse.mylyn.internal.tasks.ui.editors.DateAttributeEditor,0,0,0,0,0,0,0,0,0,0,1,0,0,0,0,0,0,0
org.eclipse.mylyn.internal.tasks.ui.editors.EditorBusyIndicator,0,0,0,0,0,0,0,0,0,0,0,0,0,0,0,0,0,0
org.eclipse.mylyn.internal.tasks.ui.editors.EditorUtil,0,0,0,0,0,0,1,0,0,0,0,0,1,0,0,0,0,0
org.eclipse.mylyn.internal.tasks.ui.editors.IBusyEditor,0,0,0,0,0,0,0,0,0,0,0,0,0,0,0,0,0,0
org.eclipse.mylyn.internal.tasks.ui.editors.IRepositoryTaskAttributeListener,0,0,0,0,0,0,0,0,0,0,0,0,0,0,0,0,0,0
org.eclipse.mylyn.internal.tasks.ui.editors.IRepositoryTaskSelection,0,0,0,0,0,0,0,0,0,0,0,0,0,0,0,0,0,0
org.eclipse.mylyn.internal.tasks.ui.editors.LongTextAttributeEditor,0,0,0,0,0,0,0,0,0,0,0,0,0,0,0,0,0,0
org.eclipse.mylyn.internal.tasks.ui.editors.MultiSelectionAttributeEditor,0,0,0,0,0,0,0,0,0,0,1,0,0,0,0,0,0,0
org.eclipse.mylyn.internal.tasks.ui.editors.PersonAttributeEditor,0,0,0,0,0,0,0,0,1,1,0,0,0,0,1,0,0,0
org.eclipse.mylyn.internal.tasks.ui.editors.PlanningPageFactory,0,0,0,0,0,0,0,0,0,0,0,0,0,0,1,0,0,0
org.eclipse.mylyn.internal.tasks.ui.editors.PreviewAttributeEditor,0,0,0,0,0,0,0,0,0,0,0,1,0,0,0,0,0,0
org.eclipse.mylyn.internal.tasks.ui.editors.RepositoryAttachmentEditorInput,0,0,0,0,0,0,0,0,0,0,0,0,1,0,0,0,0,0
org.eclipse.mylyn.internal.tasks.ui.editors.RepositoryCompletionProcessor,0,1,0,0,0,0,1,0,0,0,1,0,0,0,0,0,0,0
org.eclipse.mylyn.internal.tasks.ui.editors.RepositoryTaskEditorDropListener,0,0,0,0,0,0,0,0,0,0,1,1,1,0,0,0,0,0
org.eclipse.mylyn.internal.tasks.ui.editors.RepositoryTaskOutlineComparer,0,0,0,0,0,0,0,0,0,0,0,0,0,0,0,0,0,0
org.eclipse.mylyn.internal.tasks.ui.editors.RepositoryTaskOutlineNode,0,0,0,1,0,0,0,1,0,0,1,1,0,0,0,0,0,0
org.eclipse.mylyn.internal.tasks.ui.editors.RepositoryTaskOutlinePage,0,0,0,0,0,0,0,0,0,0,0,0,0,0,0,0,0,0
org.eclipse.mylyn.internal.tasks.ui.editors.RepositoryTaskSelection,0,0,0,0,0,0,0,0,0,0,0,1,0,0,0,0,0,0
org.eclipse.mylyn.internal.tasks.ui.editors.RepositoryTextViewer,0,0,0,0,0,0,0,0,0,0,0,1,0,0,0,0,0,0
org.eclipse.mylyn.internal.tasks.ui.editors.RepositoryTextViewerConfiguration,0,0,0,0,0,0,0,0,0,0,0,0,0,0,0,0,0,0
org.eclipse.mylyn.internal.tasks.ui.editors.RepositoryTextViewerConfiguration.Mode,0,0,0,0,0,0,0,0,0,0,0,0,0,0,0,0,0,0
org.eclipse.mylyn.internal.tasks.ui.editors.RepositoryTextViewerConfiguration.TaskTextViewerHyperlinkPresenter,0,0,0,0,0,0,0,0,0,0,0,0,0,0,0,0,0,0
org.eclipse.mylyn.internal.tasks.ui.editors.RichTextAttributeEditor,0,0,0,0,0,0,0,0,0,0,1,0,0,0,0,0,0,0
org.eclipse.mylyn.internal.tasks.ui.editors.SingleSelectionAttributeEditor,0,0,0,0,0,0,0,0,0,0,1,0,0,0,0,0,0,0
org.eclipse.mylyn.internal.tasks.ui.editors.SpellingDialog,0,0,0,0,0,0,0,0,0,0,0,0,0,0,0,0,0,0
org.eclipse.mylyn.internal.tasks.ui.editors.TaskAttachmentDropListener,0,0,0,0,0,0,0,0,0,0,0,0,1,0,0,0,0,0
org.eclipse.mylyn.internal.tasks.ui.editors.TaskAttachmentEditorInput,0,0,0,0,0,0,0,0,0,0,0,0,0,0,0,0,0,0
org.eclipse.mylyn.internal.tasks.ui.editors.TaskAttachmentStorage,0,0,0,0,0,0,0,0,0,0,0,0,0,0,0,0,0,0
org.eclipse.mylyn.internal.tasks.ui.editors.TaskEditorActionContributor,0,0,0,0,0,0,0,0,0,0,0,0,0,0,0,0,0,0
org.eclipse.mylyn.internal.tasks.ui.editors.TaskEditorActionPart,0,0,0,0,0,1,0,0,0,0,1,0,1,0,0,0,0,0
org.eclipse.mylyn.internal.tasks.ui.editors.TaskEditorActionPart.RadioButtonListener,0,0,0,0,0,0,0,0,0,0,0,0,0,0,0,0,0,0
org.eclipse.mylyn.internal.tasks.ui.editors.TaskEditorAttachmentPart,0,0,0,0,0,0,0,0,0,0,1,0,1,0,0,0,0,0
org.eclipse.mylyn.internal.tasks.ui.editors.TaskEditorAttributePart,0,0,0,0,0,0,0,0,0,0,1,0,2,0,0,0,0,0
org.eclipse.mylyn.internal.tasks.ui.editors.TaskEditorAttributePart$3$1,0,0,0,0,0,0,0,0,0,0,0,0,1,0,0,0,0,0
org.eclipse.mylyn.internal.tasks.ui.editors.TaskEditorAttributePart$3$1$1,0,0,0,0,0,0,0,0,0,0,0,0,1,0,0,0,0,0
org.eclipse.mylyn.internal.tasks.ui.editors.TaskEditorAttributePart.3.1,0,0,0,0,0,0,0,0,0,0,0,0,0,0,0,0,0,0
org.eclipse.mylyn.internal.tasks.ui.editors.TaskEditorCommentPart,0,0,0,0,0,0,0,0,0,0,1,1,1,0,0,0,0,0
org.eclipse.mylyn.internal.tasks.ui.editors.TaskEditorDescriptionPart,0,0,0,0,0,1,0,0,0,0,1,0,1,0,0,0,0,0
org.eclipse.mylyn.internal.tasks.ui.editors.TaskEditorInputFactory,0,0,0,0,0,0,0,0,0,0,0,0,0,0,0,0,0,0
org.eclipse.mylyn.internal.tasks.ui.editors.TaskEditorNewCommentPart,0,0,0,0,0,0,0,0,0,0,0,0,0,0,0,0,0,0
org.eclipse.mylyn.internal.tasks.ui.editors.TaskEditorOutlineNode,0,0,1,0,0,0,0,0,0,0,1,0,1,0,0,0,0,0
org.eclipse.mylyn.internal.tasks.ui.editors.TaskEditorOutlinePage,0,0,0,0,0,0,0,0,0,0,0,0,0,0,0,0,0,0
org.eclipse.mylyn.internal.tasks.ui.editors.TaskEditorOutlinePage.TaskEditorOutlineContentProvider,0,0,0,0,0,0,0,0,0,0,0,0,0,0,0,0,0,0
org.eclipse.mylyn.internal.tasks.ui.editors.TaskEditorPeoplePart,0,0,0,0,0,0,0,0,0,0,0,0,1,0,0,0,0,0
org.eclipse.mylyn.internal.tasks.ui.editors.TaskEditorPlanningPart,0,0,0,0,0,0,0,0,0,0,1,0,0,0,0,0,0,0
org.eclipse.mylyn.internal.tasks.ui.editors.TaskEditorRichTextPart,0,0,0,0,0,0,0,0,0,0,1,0,1,0,0,0,0,0
org.eclipse.mylyn.internal.tasks.ui.editors.TaskEditorSummaryPart,0,0,0,0,0,0,0,0,0,0,1,1,1,0,0,0,0,0
org.eclipse.mylyn.internal.tasks.ui.editors.TaskEditorSummaryPart.TabVerifyKeyListener,0,0,0,0,0,0,0,0,0,0,0,0,0,0,0,0,0,0
org.eclipse.mylyn.internal.tasks.ui.editors.TaskHyperlinkDetector,0,0,0,0,0,0,0,0,0,0,0,1,0,0,0,0,0,0
org.eclipse.mylyn.internal.tasks.ui.editors.TaskListChangeAdapter,0,0,0,0,0,0,0,0,1,1,0,0,0,0,0,0,0,0
org.eclipse.mylyn.internal.tasks.ui.editors.TaskPlanningEditor,0,0,0,1,0,1,1,1,0,0,0,0,0,0,0,0,0,0
org.eclipse.mylyn.internal.tasks.ui.editors.TaskRelationHyperlinkDetector,0,0,0,0,0,0,0,0,0,0,0,0,0,0,0,0,0,0
org.eclipse.mylyn.internal.tasks.ui.editors.TaskSpellingReconcileStrategy,0,0,0,0,0,0,0,0,0,0,0,0,0,0,0,0,0,0
org.eclipse.mylyn.internal.tasks.ui.editors.TaskUrlHyperlink,0,0,0,0,0,0,0,0,1,1,0,0,0,0,0,0,0,0
org.eclipse.mylyn.internal.tasks.ui.editors.TaskUrlHyperlinkDetector,0,0,0,0,0,0,0,0,0,0,1,0,0,0,0,0,0,0
org.eclipse.mylyn.internal.tasks.ui.editors.TextAttributeEditor,0,0,0,0,0,0,0,0,0,0,0,0,0,1,0,0,0,0
org.eclipse.mylyn.internal.tasks.ui.notifications.TaskAttributeDiff,0,0,0,0,0,0,1,0,0,0,0,0,0,0,0,0,0,0
org.eclipse.mylyn.internal.tasks.ui.notifications.TaskDataDiff,0,0,0,0,0,0,1,0,0,0,1,0,1,0,0,0,0,0
org.eclipse.mylyn.internal.tasks.ui.notifications.TaskDiffUtil,0,0,0,0,0,0,0,0,0,0,1,0,0,0,0,0,0,0
org.eclipse.mylyn.internal.tasks.ui.notifications.TaskListNotification,0,0,0,0,0,0,1,0,0,0,0,0,0,0,1,0,0,0
org.eclipse.mylyn.internal.tasks.ui.notifications.TaskListNotificationPopup,0,0,0,0,0,0,0,0,0,0,1,0,0,0,0,0,0,0
org.eclipse.mylyn.internal.tasks.ui.notifications.TaskListNotificationQueryIncoming,0,0,0,0,0,1,0,0,0,0,0,0,0,0,0,0,0,0
org.eclipse.mylyn.internal.tasks.ui.notifications.TaskListNotificationReminder,0,0,0,0,0,1,0,0,0,0,0,0,0,0,0,0,0,0
org.eclipse.mylyn.internal.tasks.ui.notifications.TaskListNotifier,0,0,0,0,0,0,0,0,0,0,0,0,0,0,0,0,0,0
org.eclipse.mylyn.internal.tasks.ui.preferences.TasksUiPreferencePage,0,0,0,0,0,0,0,1,0,0,1,0,0,0,0,0,0,0
org.eclipse.mylyn.internal.tasks.ui.properties.ProjectPropertiesLinkProvider,0,0,0,0,0,0,0,0,0,0,0,0,0,0,1,0,0,0
org.eclipse.mylyn.internal.tasks.ui.properties.ProjectTaskRepositoryPage,0,0,0,0,0,0,0,0,0,0,1,0,0,0,0,0,0,0
org.eclipse.mylyn.internal.tasks.ui.search.AbstractRepositorySearchQuery,0,0,0,0,0,0,0,0,0,0,0,0,0,0,0,0,0,0
org.eclipse.mylyn.internal.tasks.ui.search.CreateQueryFromSearchAction,0,0,0,0,0,0,0,0,0,0,0,0,0,0,0,0,0,0
org.eclipse.mylyn.internal.tasks.ui.search.OpenSearchResultAction,0,0,0,0,0,0,0,0,0,0,0,0,1,0,0,0,0,0
org.eclipse.mylyn.internal.tasks.ui.search.RepositorySearchResult,0,0,0,0,0,0,0,0,0,0,0,0,0,0,0,0,0,0
org.eclipse.mylyn.internal.tasks.ui.search.RepositorySearchResultView,0,0,0,0,0,0,0,0,0,0,1,0,1,0,0,0,0,0
org.eclipse.mylyn.internal.tasks.ui.search.SearchHitCollector,0,0,0,0,0,0,0,0,0,0,0,0,0,0,1,0,0,0
org.eclipse.mylyn.internal.tasks.ui.search.SearchResultContentProvider,0,0,0,0,0,0,0,0,0,0,0,0,0,0,0,1,1,0
org.eclipse.mylyn.internal.tasks.ui.search.SearchResultSortAction,0,0,0,0,0,0,0,0,0,0,0,0,0,0,0,0,0,0
org.eclipse.mylyn.internal.tasks.ui.search.SearchResultSorterDescription,0,0,0,0,0,0,0,0,0,0,0,0,0,0,0,0,0,0
org.eclipse.mylyn.internal.tasks.ui.search.SearchResultSorterId,0,0,0,0,0,0,0,0,0,0,0,0,0,0,0,0,0,0
org.eclipse.mylyn.internal.tasks.ui.search.SearchResultSorterPriority,0,0,0,0,0,0,0,0,0,0,0,0,0,0,0,0,0,0
org.eclipse.mylyn.internal.tasks.ui.search.SearchResultTreeContentProvider,0,0,0,0,0,1,0,0,0,0,1,0,0,0,0,0,0,0
org.eclipse.mylyn.internal.tasks.ui.search.SearchResultTreeContentProvider.GroupBy,0,0,0,0,0,0,0,0,0,0,0,0,0,0,0,0,0,0
org.eclipse.mylyn.internal.tasks.ui.search.SearchResultsLabelProvider,0,0,0,0,0,0,0,0,0,0,1,0,0,0,0,0,0,0
org.eclipse.mylyn.internal.tasks.ui.search.SearchScoreComputerAdapterFactory,0,0,0,0,0,0,0,0,0,0,0,0,0,0,0,0,0,0
org.eclipse.mylyn.internal.tasks.ui.search.StackTraceDuplicateDetector,0,0,0,0,0,0,0,0,0,0,1,0,0,0,1,0,0,0
org.eclipse.mylyn.internal.tasks.ui.util.AttachmentUtil,0,0,0,0,0,0,1,0,0,0,1,1,1,0,0,0,0,0
org.eclipse.mylyn.internal.tasks.ui.util.CopyAttachmentToClipboardJob,0,0,0,0,0,0,0,0,0,0,0,0,0,0,0,0,0,0
org.eclipse.mylyn.internal.tasks.ui.util.DownloadAttachmentJob,0,0,0,0,0,0,0,0,0,0,0,0,0,0,0,0,0,0
org.eclipse.mylyn.internal.tasks.ui.util.SelectionProviderAdapter,0,0,0,0,0,0,0,0,0,0,0,0,0,0,0,0,0,0
org.eclipse.mylyn.internal.tasks.ui.util.TaskAttachmentPropertyTester,0,0,0,0,0,0,0,0,0,0,0,0,0,0,0,0,0,0
org.eclipse.mylyn.internal.tasks.ui.util.TaskDataExportOperation,0,0,0,0,0,0,1,0,0,0,0,1,0,0,0,0,0,0
org.eclipse.mylyn.internal.tasks.ui.util.TaskDragSourceListener,0,0,0,0,0,0,0,0,0,0,1,0,1,0,0,0,0,0
org.eclipse.mylyn.internal.tasks.ui.util.TaskListElementImporter,0,0,0,0,0,0,1,0,0,0,0,0,1,0,0,0,0,0
org.eclipse.mylyn.internal.tasks.ui.util.TaskPropertyTester,0,0,0,0,0,0,0,0,0,0,1,0,0,0,0,0,0,0
org.eclipse.mylyn.internal.tasks.ui.util.TasksUiExtensionReader,0,0,0,1,0,0,1,1,0,0,1,0,0,0,0,0,0,0
org.eclipse.mylyn.internal.tasks.ui.util.TasksUiInternal,0,0,0,0,0,0,1,0,0,0,1,1,1,0,0,0,0,0
org.eclipse.mylyn.internal.tasks.ui.util.TasksUiMenus,0,0,0,0,0,0,0,0,0,0,0,0,0,0,0,0,0,0
org.eclipse.mylyn.internal.tasks.ui.util.WebBrowserDialog,0,0,0,0,0,0,0,0,0,0,0,1,0,0,0,0,0,0
org.eclipse.mylyn.internal.tasks.ui.views.AbstractTaskListContentProvider,0,0,0,0,0,0,0,0,1,1,0,0,0,1,0,1,1,0
org.eclipse.mylyn.internal.tasks.ui.views.AbstractTaskListPresentation,0,0,0,0,0,0,0,0,0,0,0,0,0,1,0,0,0,0
org.eclipse.mylyn.internal.tasks.ui.views.CustomTaskListDecorationDrawer,0,0,0,0,0,0,1,0,0,0,1,0,0,0,0,0,0,0
org.eclipse.mylyn.internal.tasks.ui.views.DisconnectRepositoryAction,0,0,0,0,0,0,0,0,0,0,0,0,0,0,0,0,0,0
org.eclipse.mylyn.internal.tasks.ui.views.PriorityDropDownAction,0,0,0,0,0,0,0,0,0,0,1,0,0,0,0,0,0,0
org.eclipse.mylyn.internal.tasks.ui.views.SortyByDropDownAction,0,0,0,0,0,0,0,0,0,0,1,0,0,0,0,0,0,0
org.eclipse.mylyn.internal.tasks.ui.views.TableDecoratingLabelProvider,0,0,0,0,0,0,0,0,0,0,0,0,0,0,0,0,0,0
org.eclipse.mylyn.internal.tasks.ui.views.TaskDetailLabelProvider,0,0,1,0,0,0,0,0,0,0,0,0,0,0,0,0,0,0
org.eclipse.mylyn.internal.tasks.ui.views.TaskInputDialog,0,0,0,0,0,0,0,0,0,0,1,0,0,0,0,0,0,0
org.eclipse.mylyn.internal.tasks.ui.views.TaskKeyComparator,0,0,0,0,0,0,0,0,0,0,1,1,0,0,0,0,0,0
org.eclipse.mylyn.internal.tasks.ui.views.TaskListCellModifier,0,0,0,0,0,0,0,0,0,0,0,0,0,0,0,0,0,0
org.eclipse.mylyn.internal.tasks.ui.views.TaskListContentProvider,0,0,0,0,0,1,0,0,0,0,1,0,0,0,1,0,0,0
org.eclipse.mylyn.internal.tasks.ui.views.TaskListDropAdapter,0,0,0,0,0,0,1,0,0,0,0,0,1,0,0,0,0,0
org.eclipse.mylyn.internal.tasks.ui.views.TaskListFilteredTree,0,0,0,1,0,1,0,1,0,0,1,0,1,0,0,0,0,0
org.eclipse.mylyn.internal.tasks.ui.views.TaskListInterestFilter,0,0,0,0,0,0,1,0,0,0,0,0,1,0,1,0,0,0
org.eclipse.mylyn.internal.tasks.ui.views.TaskListInterestSorter,0,0,0,0,0,0,1,0,0,0,1,0,0,0,0,0,0,0
org.eclipse.mylyn.internal.tasks.ui.views.TaskListTableSorter,0,0,1,0,0,0,1,0,0,0,1,0,0,0,0,0,0,0
org.eclipse.mylyn.internal.tasks.ui.views.TaskListTableSorter.SortByIndex,0,0,0,0,0,0,0,0,0,0,0,0,0,0,0,0,0,0
org.eclipse.mylyn.internal.tasks.ui.views.TaskListToolTip,0,0,0,0,0,0,1,0,0,0,1,0,1,0,0,0,0,0
org.eclipse.mylyn.internal.tasks.ui.views.TaskListView,0,0,0,1,0,0,1,1,0,0,0,0,0,0,0,0,0,0
org.eclipse.mylyn.internal.tasks.ui.views.TaskListView.TaskListRefreshJob,0,0,0,0,0,0,0,0,0,0,0,0,0,0,0,0,0,0
org.eclipse.mylyn.internal.tasks.ui.views.TaskRepositoriesSorter,0,0,0,0,0,0,0,0,1,1,1,0,0,0,0,0,0,0
org.eclipse.mylyn.internal.tasks.ui.views.TaskRepositoriesView,0,0,0,0,0,0,0,0,0,0,0,0,0,0,0,0,0,0
org.eclipse.mylyn.internal.tasks.ui.views.TaskRepositoriesView.TaskRepositoryListener,0,0,0,0,0,0,0,0,0,0,0,0,0,0,0,0,0,0
org.eclipse.mylyn.internal.tasks.ui.views.TaskRepositoryLabelProvider,0,0,0,0,0,0,0,0,0,0,0,0,0,0,0,0,0,0
org.eclipse.mylyn.internal.tasks.ui.views.TaskScheduleContentProvider,0,0,0,0,0,1,0,0,0,0,1,0,1,0,0,0,0,0
org.eclipse.mylyn.internal.tasks.ui.views.TaskScheduleContentProvider.RolloverCheck,0,0,0,0,0,0,0,0,0,0,0,0,0,0,0,0,0,0
org.eclipse.mylyn.internal.tasks.ui.views.TaskTableLabelProvider,0,0,1,0,0,0,0,0,0,0,0,0,0,0,0,0,0,0
org.eclipse.mylyn.internal.tasks.ui.views.UpdateRepositoryConfigurationAction,0,0,0,0,0,0,0,0,0,0,0,0,0,0,1,0,0,0
org.eclipse.mylyn.internal.tasks.ui.views.WorkweekProgressBar,0,0,0,0,0,0,0,0,0,0,0,1,0,0,0,0,0,0
org.eclipse.mylyn.internal.tasks.ui.wizards.AddExistingTaskWizard,0,0,0,0,0,0,0,0,1,1,0,0,0,0,1,0,0,0
org.eclipse.mylyn.internal.tasks.ui.wizards.CommonAddExistingTaskWizard,0,0,0,0,0,0,0,0,0,0,0,0,0,0,0,0,0,0
org.eclipse.mylyn.internal.tasks.ui.wizards.EditRepositoryWizard,0,0,0,0,0,0,0,0,0,0,0,0,1,0,0,0,0,0
org.eclipse.mylyn.internal.tasks.ui.wizards.ExistingTaskWizardPage,0,0,0,0,0,0,0,0,0,0,0,0,0,0,0,0,0,0
org.eclipse.mylyn.internal.tasks.ui.wizards.ImageAttachment,0,0,0,0,0,0,0,0,0,0,0,0,0,0,0,0,0,0
org.eclipse.mylyn.internal.tasks.ui.wizards.InputAttachmentSourcePage,0,0,0,1,0,0,1,1,0,0,1,0,0,0,0,0,0,0
org.eclipse.mylyn.internal.tasks.ui.wizards.InputAttachmentSourcePage2,0,0,0,1,0,0,1,1,0,0,1,0,0,0,0,0,0,0
org.eclipse.mylyn.internal.tasks.ui.wizards.MultiRepositoryAwareWizard,0,0,0,0,0,0,0,0,0,0,0,0,0,1,0,0,0,0
org.eclipse.mylyn.internal.tasks.ui.wizards.NewAttachmentPage,0,0,0,0,0,0,0,0,0,0,0,0,0,0,0,0,0,0
org.eclipse.mylyn.internal.tasks.ui.wizards.NewAttachmentWizard,0,0,0,0,0,0,0,0,0,0,1,0,1,0,0,0,0,0
org.eclipse.mylyn.internal.tasks.ui.wizards.NewAttachmentWizardDialog,0,0,0,0,0,0,0,0,0,0,0,0,0,0,0,0,0,0
org.eclipse.mylyn.internal.tasks.ui.wizards.NewLocalCategoryWizard,0,0,0,0,0,0,0,0,0,0,0,0,0,0,0,0,0,0
org.eclipse.mylyn.internal.tasks.ui.wizards.NewLocalTaskWizard,0,0,0,0,0,0,0,0,0,0,0,0,1,0,0,0,0,0
org.eclipse.mylyn.internal.tasks.ui.wizards.NewQueryWizard,0,0,0,0,0,0,0,0,1,1,0,0,0,0,1,0,0,0
org.eclipse.mylyn.internal.tasks.ui.wizards.NewRepositoryWizard,0,0,0,0,0,0,0,0,0,0,0,0,0,0,0,0,0,0
org.eclipse.mylyn.internal.tasks.ui.wizards.NewTaskPage,0,0,0,0,0,0,0,0,0,0,0,0,0,0,0,0,0,0
org.eclipse.mylyn.internal.tasks.ui.wizards.NewTaskWizard,0,0,0,0,0,0,0,0,0,0,0,0,0,0,1,0,0,0
org.eclipse.mylyn.internal.tasks.ui.wizards.NewWebTaskPage,0,0,0,0,0,0,0,0,1,1,0,0,0,0,0,0,0,0
org.eclipse.mylyn.internal.tasks.ui.wizards.PreviewAttachmentPage,0,0,0,0,0,0,0,0,0,0,1,0,0,0,0,0,0,0
org.eclipse.mylyn.internal.tasks.ui.wizards.PreviewAttachmentPage2,0,0,0,0,0,0,0,0,0,0,1,0,0,0,0,0,0,0
org.eclipse.mylyn.internal.tasks.ui.wizards.ScreenshotAttachmentPage,0,0,0,0,0,0,0,0,0,0,0,0,0,0,0,0,0,0
org.eclipse.mylyn.internal.tasks.ui.wizards.SelectRepositoryConnectorPage,0,0,0,0,0,0,0,0,0,0,0,0,0,0,0,0,0,0
org.eclipse.mylyn.internal.tasks.ui.wizards.SelectRepositoryPage,0,0,0,0,0,0,0,0,0,0,0,0,0,0,0,0,0,0
org.eclipse.mylyn.internal.tasks.ui.wizards.TaskAttachmentWizard,0,0,0,0,0,0,0,0,0,0,0,0,1,0,0,0,0,0
org.eclipse.mylyn.internal.tasks.ui.wizards.TaskAttachmentWizard.ClipboardTaskAttachmentSource,0,0,0,0,0,0,0,0,0,0,0,0,0,0,0,0,0,0
org.eclipse.mylyn.internal.tasks.ui.wizards.TaskDataExportWizard,0,0,0,0,0,0,0,0,0,0,0,0,0,0,0,0,0,0
org.eclipse.mylyn.internal.tasks.ui.wizards.TaskDataExportWizardPage,0,0,0,0,0,0,0,0,0,0,0,1,0,0,0,0,0,0
org.eclipse.mylyn.internal.tasks.ui.wizards.TaskDataImportWizard,0,0,0,0,0,0,0,0,0,0,1,0,0,0,0,0,0,0
org.eclipse.mylyn.internal.tasks.ui.wizards.TaskDataImportWizardPage,0,0,0,0,0,0,0,1,0,0,1,1,0,0,0,0,0,0
org.eclipse.mylyn.internal.tasks.ui.workingsets.TaskWorkingSetAdapterFactory,0,0,0,0,0,0,0,0,0,0,0,0,0,0,0,0,0,0
org.eclipse.mylyn.internal.tasks.ui.workingsets.TaskWorkingSetElementAdapter,0,0,0,0,0,0,0,0,0,0,0,0,0,0,0,0,0,0
org.eclipse.mylyn.internal.tasks.ui.workingsets.TaskWorkingSetElementFactory,0,0,0,0,0,0,0,0,0,0,0,0,0,0,0,0,0,0
org.eclipse.mylyn.internal.tasks.ui.workingsets.TaskWorkingSetPage,0,0,0,0,0,0,1,0,0,0,0,0,0,0,0,0,0,0
org.eclipse.mylyn.internal.tasks.ui.workingsets.TaskWorkingSetPage.WorkingSetPageContentProvider,0,0,0,0,0,0,0,0,0,0,0,0,0,0,0,0,0,0
org.eclipse.mylyn.internal.tasks.ui.workingsets.TaskWorkingSetUpdater,1,0,0,0,0,1,1,0,0,0,1,0,0,0,0,0,0,0
org.eclipse.mylyn.internal.tasks.ui.workingsets.WorkingSetLabelComparator,0,0,0,0,0,0,0,0,0,0,0,0,0,0,0,0,0,0
org.eclipse.mylyn.internal.team.ccvs.CommitContextWizard,0,0,0,0,0,0,0,0,1,1,0,0,0,0,0,0,0,0
org.eclipse.mylyn.internal.team.ccvs.CvsActiveChangeSetProvider,0,0,0,0,0,0,0,0,0,0,0,0,0,0,1,0,0,0
org.eclipse.mylyn.internal.team.ccvs.CvsChangeSetAdapterFactory,0,0,0,0,0,0,0,0,0,0,0,0,0,0,0,0,0,0
org.eclipse.mylyn.internal.team.ccvs.CvsChangeSetResourceMappingAdapterFactory,0,0,0,0,0,0,0,0,0,0,0,0,0,0,0,0,0,0
org.eclipse.mylyn.internal.team.ccvs.CvsCommitWorkflowProvider,0,0,0,0,0,0,0,0,0,0,0,0,0,0,1,0,0,0
org.eclipse.mylyn.internal.team.ccvs.CvsContextChangeSet,0,0,0,0,0,0,1,0,0,0,1,0,0,0,0,0,0,0
org.eclipse.mylyn.internal.team.ccvs.CvsLinkedTaskInfoAdapterFactory,0,0,0,0,0,0,0,0,0,0,0,0,0,0,0,0,0,0
org.eclipse.mylyn.internal.team.ui.AbstractCommitWorkflowProvider,0,0,0,0,0,0,0,0,0,0,0,0,0,1,0,0,0,0
org.eclipse.mylyn.internal.team.ui.ContextActiveChangeSetManager,0,1,0,0,0,1,1,0,0,0,1,0,1,0,1,0,0,0
org.eclipse.mylyn.internal.team.ui.ContextChangeSet,0,0,0,0,0,0,1,0,0,0,1,0,0,0,0,0,0,0
org.eclipse.mylyn.internal.team.ui.ContextChangeSetDecorator,0,0,0,0,0,0,0,0,0,0,0,0,0,0,0,0,0,0
org.eclipse.mylyn.internal.team.ui.FocusedTeamExtensionPointReader,0,0,0,0,0,0,0,0,0,0,1,0,0,0,0,0,0,0
org.eclipse.mylyn.internal.team.ui.FocusedTeamUiPlugin,0,0,0,0,0,0,0,0,0,0,0,0,0,0,0,0,0,0
org.eclipse.mylyn.internal.team.ui.LinkedTaskInfo,0,0,0,0,0,0,0,0,0,0,0,0,0,0,1,0,0,0
org.eclipse.mylyn.internal.team.ui.LinkedTaskInfoAdapterFactory,0,0,0,0,0,0,0,0,0,0,0,0,0,0,0,0,0,0
org.eclipse.mylyn.internal.team.ui.actions.AddToTaskContextAction,0,0,0,0,0,0,0,0,0,0,1,0,0,0,0,0,0,0
org.eclipse.mylyn.internal.team.ui.actions.ApplyPatchAction,0,0,0,0,0,0,0,0,0,0,0,0,0,0,0,0,0,0
org.eclipse.mylyn.internal.team.ui.actions.CommitContextAction,0,0,0,0,0,0,0,0,0,0,0,0,0,0,0,0,0,0
org.eclipse.mylyn.internal.team.ui.actions.OpenCorrespondingTaskAction,0,0,0,0,0,0,1,0,0,0,1,0,0,0,0,0,0,0
org.eclipse.mylyn.internal.team.ui.actions.OpenCorrespondingTaskAction.OpenCorrespondingTaskJob,0,0,0,0,0,0,0,0,0,0,0,0,0,0,0,0,0,0
org.eclipse.mylyn.internal.team.ui.actions.TaskResourceMappingActionProvider,0,0,0,0,0,0,0,0,0,0,0,0,0,0,0,0,0,0
org.eclipse.mylyn.internal.team.ui.preferences.FocusedTeamPreferencePage,0,0,0,0,0,0,0,0,0,0,0,0,0,0,0,0,0,0
org.eclipse.mylyn.internal.team.ui.preferences.workaround.README,0,0,0,0,0,0,0,0,1,1,0,0,0,0,0,0,0,0
org.eclipse.mylyn.internal.team.ui.preferences.workaround.RegExContentProposalProvider,0,0,0,0,0,0,0,0,0,0,0,0,0,0,0,0,0,0
org.eclipse.mylyn.internal.team.ui.preferences.workaround.RegExMessages,1,0,0,0,0,1,0,1,0,0,0,0,0,0,0,0,0,0
org.eclipse.mylyn.internal.team.ui.properties.ProjectTeamPage,0,0,0,0,0,0,0,0,0,0,1,0,0,0,0,0,0,0
org.eclipse.mylyn.internal.team.ui.properties.TeamPropertiesLinkProvider,0,0,0,0,0,0,0,0,0,0,0,0,0,0,0,0,0,0
org.eclipse.mylyn.internal.team.ui.templates.CommitTemplateManager,0,1,0,0,0,0,0,0,0,0,1,0,0,0,0,0,0,0
org.eclipse.mylyn.internal.team.ui.templates.CommitTemplateManager.ExtensionProcessor,0,0,0,0,0,0,0,0,0,0,0,0,0,0,0,0,0,0
org.eclipse.mylyn.internal.team.ui.templates.CommitTemplateVariables,0,0,0,0,0,0,0,0,0,0,0,0,0,0,0,0,0,0
org.eclipse.mylyn.internal.team.ui.templates.CommitTemplateVariables.CommitTemplateDate,0,0,0,0,0,0,0,0,0,0,0,0,0,0,0,0,0,0
org.eclipse.mylyn.internal.team.ui.templates.TemplateHandlerContentProposalProvider,0,0,0,0,0,0,0,0,1,1,0,0,0,0,0,0,0,0
org.eclipse.mylyn.internal.team.ui.templates.TemplateHandlerContentProposalProvider.ProposalComputer.Proposal,0,0,0,0,0,0,0,0,0,0,0,0,0,0,0,0,0,0
org.eclipse.mylyn.monitor.core.AbstractMonitorLog,0,0,0,0,0,0,0,0,0,0,0,0,0,0,0,0,0,0
org.eclipse.mylyn.monitor.core.IInteractionEventListener,0,0,0,0,0,0,0,0,0,0,0,0,0,0,0,0,0,0
org.eclipse.mylyn.monitor.core.InteractionEvent,0,0,0,0,0,0,1,0,0,0,1,1,0,0,0,0,0,0
org.eclipse.mylyn.monitor.core.InteractionEvent.Kind,0,0,0,0,0,0,0,0,0,0,0,0,0,0,0,0,0,0
org.eclipse.mylyn.monitor.ui.AbstractCommandMonitor,0,0,0,0,0,0,0,0,0,0,0,0,0,1,0,1,1,0
org.eclipse.mylyn.monitor.ui.AbstractEditorTracker,0,0,0,0,0,0,0,0,0,0,0,0,0,1,1,0,0,0
org.eclipse.mylyn.monitor.ui.AbstractPartTracker,0,0,0,0,0,0,0,0,0,0,0,0,0,1,0,1,1,0
org.eclipse.mylyn.monitor.ui.AbstractUserActivityMonitor,0,0,0,0,0,0,0,0,0,0,0,0,0,1,0,1,1,0
org.eclipse.mylyn.monitor.ui.AbstractUserInteractionMonitor,0,0,0,0,0,0,0,0,0,0,0,0,0,1,0,0,0,0
org.eclipse.mylyn.monitor.ui.IActionExecutionListener,0,0,0,0,0,0,0,0,0,0,0,0,0,0,0,0,0,0
org.eclipse.mylyn.monitor.ui.IActivityContextManager,0,0,0,0,0,0,0,0,0,0,0,0,0,0,0,0,0,0
org.eclipse.mylyn.monitor.ui.IMonitorLifecycleListener,0,0,0,0,0,0,0,0,0,0,0,0,0,0,0,0,0,0
org.eclipse.mylyn.monitor.ui.IUserAttentionListener,0,0,0,0,0,0,0,0,0,0,0,0,0,0,0,0,0,0
org.eclipse.mylyn.monitor.ui.MonitorUi,0,0,1,0,0,0,0,0,0,0,0,0,0,0,0,0,0,0
org.eclipse.mylyn.resources.ui.FocusCommonNavigatorAction,0,0,0,0,0,0,0,0,0,0,0,0,0,1,1,1,1,0
org.eclipse.mylyn.resources.ui.ResourcesUi,0,0,0,0,0,0,0,0,1,1,0,0,0,0,0,0,0,0
org.eclipse.mylyn.tasks.core.AbstractDuplicateDetector,0,0,0,0,0,0,0,0,0,0,0,0,0,1,0,0,0,0
org.eclipse.mylyn.tasks.core.AbstractRepositoryConnector,0,0,0,0,0,0,0,0,0,0,0,1,0,0,0,0,0,0
org.eclipse.mylyn.tasks.core.AbstractTaskListMigrator,0,0,0,0,0,0,0,0,0,0,0,0,0,1,0,1,1,0
org.eclipse.mylyn.tasks.core.IAttributeContainer,0,0,0,0,0,0,0,0,0,0,0,0,0,0,0,0,0,0
org.eclipse.mylyn.tasks.core.IRepositoryElement,0,0,0,0,0,0,0,0,0,0,0,0,0,0,0,0,0,0
org.eclipse.mylyn.tasks.core.IRepositoryListener,0,0,0,0,0,0,0,0,0,0,0,0,0,0,0,0,0,0
org.eclipse.mylyn.tasks.core.IRepositoryManager,0,0,0,0,0,0,0,0,0,0,0,0,0,0,0,0,0,0
org.eclipse.mylyn.tasks.core.IRepositoryModel,0,0,0,0,0,0,0,0,0,0,0,0,0,0,0,0,0,0
org.eclipse.mylyn.tasks.core.IRepositoryPerson,0,0,0,0,0,0,0,0,0,0,0,0,0,0,0,0,0,0
org.eclipse.mylyn.tasks.core.IRepositoryQuery,0,0,0,0,0,0,0,0,0,0,0,0,0,0,0,0,0,0
org.eclipse.mylyn.tasks.core.ITask,0,0,0,0,0,0,0,0,0,0,0,0,0,0,0,0,0,0
org.eclipse.mylyn.tasks.core.ITaskActivationListener,0,0,0,0,0,0,0,0,0,0,0,0,0,0,0,0,0,0
org.eclipse.mylyn.tasks.core.ITaskActivityListener,0,0,0,0,0,0,0,0,0,0,0,0,0,0,0,0,0,0
org.eclipse.mylyn.tasks.core.ITaskActivityManager,0,0,0,0,0,0,0,0,0,0,0,0,0,0,0,0,0,0
org.eclipse.mylyn.tasks.core.ITaskAttachment,0,0,0,0,0,0,0,0,0,0,0,0,0,0,0,0,0,0
org.eclipse.mylyn.tasks.core.ITaskComment,0,0,0,0,0,0,0,0,0,0,0,0,0,0,0,0,0,0
org.eclipse.mylyn.tasks.core.ITaskContainer,0,0,0,0,0,0,0,0,0,0,0,0,0,0,0,0,0,0
org.eclipse.mylyn.tasks.core.ITaskMapping,0,0,0,0,0,0,0,0,0,0,0,0,0,0,0,0,0,0
org.eclipse.mylyn.tasks.core.RepositoryResponse,0,0,1,0,0,0,0,0,0,0,0,0,0,0,0,0,0,0
org.eclipse.mylyn.tasks.core.RepositoryResponse.ResponseKind,0,0,0,0,0,0,0,0,0,0,0,0,0,0,0,0,0,0
org.eclipse.mylyn.tasks.core.RepositoryStatus,0,0,0,0,0,0,0,0,0,0,0,1,0,0,0,0,0,0
org.eclipse.mylyn.tasks.core.RepositoryTemplate,0,0,1,0,0,0,0,0,0,0,0,1,0,0,0,0,0,0
org.eclipse.mylyn.tasks.core.TaskActivationAdapter,0,0,0,0,0,0,0,0,0,0,0,0,0,0,0,0,0,0
org.eclipse.mylyn.tasks.core.TaskActivityAdapter,0,0,0,0,0,0,0,0,0,0,0,0,0,0,0,0,0,0
org.eclipse.mylyn.tasks.core.TaskMapping,0,0,0,0,0,0,0,0,0,0,0,0,0,0,0,0,0,0
org.eclipse.mylyn.tasks.core.TaskRepository,0,0,1,1,0,0,1,1,0,0,1,1,0,0,0,0,0,0
org.eclipse.mylyn.tasks.core.TaskRepositoryLocationFactory,0,0,0,0,0,0,0,0,1,1,0,0,0,1,0,0,0,0
org.eclipse.mylyn.tasks.core.data.AbstractTaskAttachmentHandler,0,0,0,0,0,0,0,0,0,0,0,1,0,1,0,1,1,0
org.eclipse.mylyn.tasks.core.data.AbstractTaskAttachmentSource,0,0,0,0,0,0,0,0,0,0,0,0,0,1,0,0,0,0
org.eclipse.mylyn.tasks.core.data.AbstractTaskDataHandler,0,0,0,0,0,0,0,0,0,0,0,0,0,0,0,1,1,0
org.eclipse.mylyn.tasks.core.data.ITaskDataManager,0,0,0,0,0,0,0,0,0,0,0,0,0,0,0,0,0,0
org.eclipse.mylyn.tasks.core.data.ITaskDataWorkingCopy,0,0,0,0,0,0,0,0,0,0,0,0,0,0,0,0,0,0
org.eclipse.mylyn.tasks.core.data.TaskAttachmentMapper,0,0,0,0,0,0,0,0,0,0,1,0,0,0,0,0,0,0
org.eclipse.mylyn.tasks.core.data.TaskAttachmentModel,0,0,1,0,0,0,0,0,0,0,0,0,0,0,0,0,0,0
org.eclipse.mylyn.tasks.core.data.TaskAttribute,0,0,1,1,0,0,0,1,0,0,0,0,0,0,0,0,0,0
org.eclipse.mylyn.tasks.core.data.TaskAttributeMapper,0,0,0,0,0,0,0,0,0,0,0,0,1,0,0,0,0,0
org.eclipse.mylyn.tasks.core.data.TaskAttributeMetaData,0,0,1,0,0,0,0,0,0,0,0,0,0,0,0,0,0,0
org.eclipse.mylyn.tasks.core.data.TaskCommentMapper,0,0,0,0,0,0,0,0,0,0,1,0,0,0,0,0,0,0
org.eclipse.mylyn.tasks.core.data.TaskData,0,0,1,0,0,0,0,0,0,0,0,0,0,0,0,0,0,0
org.eclipse.mylyn.tasks.core.data.TaskDataCollector,0,0,0,0,0,0,0,0,0,0,0,0,0,1,0,0,0,0
org.eclipse.mylyn.tasks.core.data.TaskDataModel,0,0,0,0,0,0,0,0,0,0,0,0,0,0,0,0,0,0
org.eclipse.mylyn.tasks.core.data.TaskDataModelEvent,0,0,0,0,0,0,0,0,0,0,0,0,0,0,0,0,0,0
org.eclipse.mylyn.tasks.core.data.TaskDataModelEvent.EventKind,0,0,0,0,0,0,0,0,0,0,0,0,0,0,0,0,0,0
org.eclipse.mylyn.tasks.core.data.TaskDataModelListener,0,0,0,0,0,0,0,0,1,1,0,0,0,0,0,0,0,0
org.eclipse.mylyn.tasks.core.data.TaskMapper,0,0,0,1,0,0,1,1,0,0,1,0,0,0,0,0,0,0
org.eclipse.mylyn.tasks.core.data.TaskOperation,0,0,0,0,0,0,0,0,0,0,0,0,0,0,0,0,0,0
org.eclipse.mylyn.tasks.core.data.TaskRelation,0,0,0,0,0,0,0,0,0,0,0,0,0,0,0,0,0,0
org.eclipse.mylyn.tasks.core.data.TaskRelation.Direction,0,0,0,0,0,0,0,0,0,0,0,0,0,0,0,0,0,0
org.eclipse.mylyn.tasks.core.data.TaskRelation.Kind,0,0,0,0,0,0,0,0,0,0,0,0,0,0,0,0,0,0
org.eclipse.mylyn.tasks.core.sync.ISynchronizationSession,0,0,0,0,0,0,0,0,0,0,0,0,0,0,0,0,0,0
org.eclipse.mylyn.tasks.core.sync.SubmitJob,0,0,0,0,0,0,0,0,0,0,0,0,0,1,1,0,0,0
org.eclipse.mylyn.tasks.core.sync.SubmitJobEvent,0,0,0,0,0,0,0,0,0,0,0,0,0,0,0,0,0,0
org.eclipse.mylyn.tasks.core.sync.SubmitJobListener,0,0,0,0,0,0,0,0,0,0,0,0,0,0,0,1,1,0
org.eclipse.mylyn.tasks.core.sync.SynchronizationJob,0,0,0,0,0,0,0,0,0,0,0,0,0,1,0,0,0,0
org.eclipse.mylyn.tasks.core.sync.TaskJob,0,0,0,0,0,0,0,0,1,1,0,0,0,1,0,1,1,0
org.eclipse.mylyn.tasks.ui.AbstractRepositoryConnectorUi,0,0,0,0,0,0,0,0,0,0,0,0,1,0,0,0,0,0
org.eclipse.mylyn.tasks.ui.AbstractTaskRepositoryLinkProvider,0,0,0,0,0,0,0,0,0,0,0,0,0,1,0,1,1,0
org.eclipse.mylyn.tasks.ui.ITasksUiConstants,0,0,0,0,0,0,0,0,0,0,0,0,0,0,0,0,0,0
org.eclipse.mylyn.tasks.ui.LegendElement,0,0,0,0,0,0,0,0,0,0,0,0,0,0,0,0,0,0
org.eclipse.mylyn.tasks.ui.TaskElementLabelProvider,0,0,1,0,0,0,1,0,0,0,1,0,0,0,0,0,0,0
org.eclipse.mylyn.tasks.ui.TaskElementLabelProvider.CompositeImageDescriptor,0,0,0,0,0,0,0,0,0,0,0,0,0,0,0,0,0,0
org.eclipse.mylyn.tasks.ui.TaskHyperlink,0,0,0,0,0,0,0,0,0,0,0,0,1,0,0,0,0,0
org.eclipse.mylyn.tasks.ui.TaskRepositoryLocationUiFactory,0,0,0,0,0,0,0,0,1,1,0,0,0,0,1,0,0,0
org.eclipse.mylyn.tasks.ui.TasksUi,0,0,1,0,0,0,0,0,0,0,0,0,0,0,0,0,0,0
org.eclipse.mylyn.tasks.ui.TasksUiImages,0,0,0,0,0,0,1,1,0,0,0,0,0,0,0,0,0,0
org.eclipse.mylyn.tasks.ui.TasksUiUtil,0,0,0,0,0,0,1,0,0,0,1,0,1,0,0,0,0,0
org.eclipse.mylyn.tasks.ui.editors.AbstractAttributeEditor,0,0,0,0,0,0,0,0,0,0,0,0,0,0,0,0,0,0
org.eclipse.mylyn.tasks.ui.editors.AbstractRenderingEngine,0,0,0,0,0,0,0,0,1,1,0,0,0,0,0,0,0,0
org.eclipse.mylyn.tasks.ui.editors.AbstractTaskEditorPage,0,0,0,1,0,0,1,1,0,0,1,0,2,0,0,1,1,0
org.eclipse.mylyn.tasks.ui.editors.AbstractTaskEditorPage$1$1,0,0,0,0,0,0,0,0,0,0,0,0,1,0,0,0,0,0
org.eclipse.mylyn.tasks.ui.editors.AbstractTaskEditorPage$1$1$1,0,0,0,0,0,0,0,0,0,0,0,0,1,0,0,0,0,0
org.eclipse.mylyn.tasks.ui.editors.AbstractTaskEditorPage.1.1,0,0,0,0,0,0,0,0,0,0,0,0,0,0,0,0,0,0
org.eclipse.mylyn.tasks.ui.editors.AbstractTaskEditorPage.SubmitTaskJobListener,0,0,0,0,0,0,0,0,0,0,0,0,0,0,0,0,0,0
org.eclipse.mylyn.tasks.ui.editors.AbstractTaskEditorPageFactory,0,0,0,0,0,0,0,0,0,0,0,0,0,1,0,0,0,0
org.eclipse.mylyn.tasks.ui.editors.AbstractTaskEditorPart,0,0,0,0,0,0,0,0,0,0,0,0,1,0,0,0,0,0
org.eclipse.mylyn.tasks.ui.editors.AttributeEditorFactory,0,0,0,0,0,0,0,0,0,0,1,0,1,0,0,0,0,0
org.eclipse.mylyn.tasks.ui.editors.AttributeEditorToolkit,0,0,0,0,0,1,0,0,0,0,1,0,1,0,0,0,0,0
org.eclipse.mylyn.tasks.ui.editors.BrowserFormPage,0,0,0,0,0,0,0,0,0,0,0,0,0,0,0,0,0,0
org.eclipse.mylyn.tasks.ui.editors.LayoutHint,0,0,0,0,0,1,0,0,0,0,0,0,0,0,0,0,0,0
org.eclipse.mylyn.tasks.ui.editors.LayoutHint.ColumnSpan,0,0,0,0,0,0,0,0,0,0,0,0,0,0,0,0,0,0
org.eclipse.mylyn.tasks.ui.editors.LayoutHint.RowSpan,0,0,0,0,0,0,0,0,0,0,0,0,0,0,0,0,0,0
org.eclipse.mylyn.tasks.ui.editors.TaskEditor,0,0,0,1,0,1,1,1,0,0,1,0,1,0,0,0,0,0
org.eclipse.mylyn.tasks.ui.editors.TaskEditorInput,0,0,0,0,0,0,0,0,0,0,0,0,0,0,0,0,0,0
org.eclipse.mylyn.tasks.ui.editors.TaskEditorPartDescriptor,0,0,0,0,0,0,0,0,0,0,0,0,0,0,0,0,0,0
org.eclipse.mylyn.tasks.ui.wizards.AbstractRepositoryQueryPage,0,0,0,0,0,0,0,0,0,0,1,0,0,1,0,0,0,0
org.eclipse.mylyn.tasks.ui.wizards.AbstractRepositorySettingsPage,0,0,0,1,0,0,1,1,0,0,0,0,0,0,0,1,1,0
org.eclipse.mylyn.tasks.ui.wizards.ITaskRepositoryPage,0,0,0,0,0,0,0,0,0,0,0,0,0,0,0,0,0,0
org.eclipse.mylyn.tasks.ui.wizards.ITaskSearchPage,0,0,0,0,0,0,0,0,0,0,0,0,0,0,0,0,0,0
org.eclipse.mylyn.tasks.ui.wizards.ITaskSearchPageContainer,0,0,0,0,0,0,0,0,0,0,0,0,0,0,0,0,0,0
org.eclipse.mylyn.tasks.ui.wizards.NewTaskWizard,0,0,0,0,0,0,0,0,0,0,1,0,1,0,0,0,0,0
org.eclipse.mylyn.tasks.ui.wizards.NewWebTaskWizard,0,0,0,0,0,0,0,0,0,0,0,0,0,0,0,0,0,0
org.eclipse.mylyn.tasks.ui.wizards.RepositoryQueryWizard,0,0,0,0,0,0,0,0,0,0,0,0,0,0,0,0,0,0
org.eclipse.mylyn.tasks.ui.wizards.TaskAttachmentPage,0,0,0,0,0,0,0,0,0,0,0,0,0,0,0,0,0,0
org.eclipse.mylyn.team.ui.AbstractActiveChangeSetProvider,0,0,0,0,0,0,0,0,0,0,0,0,0,1,0,1,1,0
org.eclipse.mylyn.team.ui.AbstractCommitTemplateVariable,0,0,1,0,0,0,0,0,0,0,0,0,0,0,0,0,0,0
org.eclipse.mylyn.team.ui.AbstractContextChangeSetManager,0,1,0,0,0,0,0,0,0,0,0,0,0,1,1,1,1,0
org.eclipse.mylyn.team.ui.AbstractTaskReference,0,0,0,0,0,0,0,0,0,0,0,0,0,1,0,1,1,0
org.eclipse.mylyn.team.ui.IContextChangeSet,0,0,0,0,0,0,0,0,0,0,0,0,0,0,0,0,0,0
org.eclipse.osgi.util.NLS,0,0,0,0,0,0,0,0,0,0,0,0,0,0,0,0,0,0
org.eclipse.pde.core.IBaseModel,0,0,0,0,0,0,0,0,0,0,0,0,0,0,0,0,0,0
org.eclipse.pde.core.plugin.IPluginBase,0,0,0,0,0,0,0,0,0,0,0,0,0,0,0,0,0,0
org.eclipse.pde.core.plugin.IPluginExtension,0,0,0,0,0,0,0,0,0,0,0,0,0,0,0,0,0,0
org.eclipse.pde.core.plugin.IPluginExtensionPoint,0,0,0,0,0,0,0,0,0,0,0,0,0,0,0,0,0,0
org.eclipse.pde.core.plugin.IPluginImport,0,0,0,0,0,0,0,0,0,0,0,0,0,0,0,0,0,0
org.eclipse.pde.core.plugin.IPluginLibrary,0,0,0,0,0,0,0,0,0,0,0,0,0,0,0,0,0,0
org.eclipse.pde.core.plugin.IPluginModelBase,0,0,0,0,0,0,0,0,0,0,0,0,0,0,0,0,0,0
org.eclipse.pde.core.plugin.IPluginObject,0,0,0,0,0,0,0,0,0,0,0,0,0,0,0,0,0,0
org.eclipse.pde.core.plugin.ISharedPluginModel,0,0,0,0,0,0,0,0,0,0,0,0,0,0,0,0,0,0
org.eclipse.pde.internal.core.plugin.ImportObject,0,0,0,0,0,0,0,0,0,0,0,0,0,0,0,0,0,0
org.eclipse.pde.internal.core.text.IDocumentAttribute,0,0,0,0,0,0,0,0,0,0,0,0,0,0,0,0,0,0
org.eclipse.pde.internal.core.text.IDocumentNode,0,0,0,0,0,0,0,0,0,0,0,0,0,0,0,0,0,0
org.eclipse.pde.internal.core.text.build.BuildEntry,0,0,0,0,0,0,0,0,0,0,0,0,0,0,0,0,0,0
org.eclipse.pde.internal.core.text.plugin.PluginModel,0,0,0,0,0,0,0,0,0,0,0,0,0,0,0,0,0,0
org.eclipse.pde.internal.core.text.plugin.PluginNode,0,0,0,0,0,0,0,0,0,0,0,0,0,0,0,0,0,0
org.eclipse.pde.internal.core.text.plugin.PluginObjectNode,0,0,0,0,0,0,0,0,0,0,0,0,0,0,0,0,0,0
org.eclipse.pde.internal.runtime.logview.LogEntry,0,0,0,0,0,0,0,0,0,0,0,0,0,0,0,0,0,0
org.eclipse.pde.internal.runtime.logview.LogSession,0,0,0,0,0,0,0,0,0,0,0,0,0,0,0,0,0,0
org.eclipse.pde.internal.ui.editor.FormOutlinePage,0,0,0,0,0,0,0,0,0,0,0,0,0,0,0,0,0,0
org.eclipse.pde.internal.ui.editor.ISortableContentOutlinePage,0,0,0,0,0,0,0,0,0,0,0,0,0,0,0,0,0,0
org.eclipse.pde.internal.ui.editor.PDEFormEditor,0,0,0,0,0,0,0,0,0,0,0,0,0,0,0,0,0,0
org.eclipse.pde.internal.ui.editor.PDEFormPage,0,0,0,0,0,0,0,0,0,0,0,0,0,0,0,0,0,0
org.eclipse.pde.internal.ui.editor.PDESourcePage,0,0,0,0,0,0,0,0,0,0,0,0,0,0,0,0,0,0
org.eclipse.pde.internal.ui.editor.SourceOutlinePage,0,0,0,0,0,0,0,0,0,0,0,0,0,0,0,0,0,0
org.eclipse.pde.internal.ui.editor.context.InputContext,0,0,0,0,0,0,0,0,0,0,0,0,0,0,0,0,0,0
org.eclipse.pde.internal.ui.editor.plugin.ManifestEditor,0,0,0,0,0,0,0,0,0,0,0,0,0,0,0,0,0,0
org.eclipse.pde.internal.ui.editor.plugin.ManifestSourcePage,0,0,0,0,0,0,0,0,0,0,0,0,0,0,0,0,0,0
org.eclipse.pde.ui.launcher.ConfigurationTab,0,0,0,0,0,0,0,0,0,0,0,0,0,0,0,0,0,0
org.eclipse.pde.ui.launcher.JUnitLaunchConfigurationDelegate,0,0,0,0,0,0,0,0,0,0,0,0,0,0,0,0,0,0
org.eclipse.pde.ui.launcher.JUnitTabGroup,0,0,0,0,0,0,0,0,0,0,0,0,0,0,0,0,0,0
org.eclipse.pde.ui.launcher.PluginJUnitMainTab,0,0,0,0,0,0,0,0,0,0,0,0,0,0,0,0,0,0
org.eclipse.pde.ui.launcher.PluginsTab,0,0,0,0,0,0,0,0,0,0,0,0,0,0,0,0,0,0
org.eclipse.pde.ui.launcher.TracingTab,0,0,0,0,0,0,0,0,0,0,0,0,0,0,0,0,0,0
org.eclipse.search.core.text.TextSearchScope,0,0,0,0,0,0,0,0,0,0,0,0,0,0,0,0,0,0
org.eclipse.search.internal.ui.SearchDialog,0,0,0,0,0,0,0,0,0,0,0,0,0,0,0,0,0,0
org.eclipse.search.internal.ui.SearchMessages,0,0,0,0,0,0,0,0,0,0,0,0,0,0,0,0,0,0
org.eclipse.search.internal.ui.SearchPlugin,0,0,0,0,0,0,0,0,0,0,0,0,0,0,0,0,0,0
org.eclipse.search.internal.ui.SearchPluginImages,0,0,0,0,0,0,0,0,0,0,0,0,0,0,0,0,0,0
org.eclipse.search.internal.ui.text.FileSearchQuery,0,0,0,0,0,0,0,0,0,0,0,0,0,0,0,0,0,0
org.eclipse.search.internal.ui.text.FileSearchResult,0,0,0,0,0,0,0,0,0,0,0,0,0,0,0,0,0,0
org.eclipse.search.ui.IQueryListener,0,0,0,0,0,0,0,0,0,0,0,0,0,0,0,0,0,0
org.eclipse.search.ui.ISearchPage,0,0,0,0,0,0,0,0,0,0,0,0,0,0,0,0,0,0
org.eclipse.search.ui.ISearchPageContainer,0,0,0,0,0,0,0,0,0,0,0,0,0,0,0,0,0,0
org.eclipse.search.ui.ISearchPageScoreComputer,0,0,0,0,0,0,0,0,0,0,0,0,0,0,0,0,0,0
org.eclipse.search.ui.ISearchQuery,0,0,0,0,0,0,0,0,0,0,0,0,0,0,0,0,0,0
org.eclipse.search.ui.ISearchResult,0,0,0,0,0,0,0,0,0,0,0,0,0,0,0,0,0,0
org.eclipse.search.ui.ISearchResultViewPart,0,0,0,0,0,0,0,0,0,0,0,0,0,0,0,0,0,0
org.eclipse.search.ui.NewSearchUI,0,0,0,0,0,0,0,0,0,0,0,0,0,0,0,0,0,0
org.eclipse.search.ui.text.AbstractTextSearchResult,0,0,0,0,0,0,0,0,0,0,0,0,0,0,0,0,0,0
org.eclipse.search.ui.text.AbstractTextSearchViewPage,0,0,0,0,0,0,0,0,0,0,0,0,0,0,0,0,0,0
org.eclipse.search.ui.text.FileTextSearchScope,0,0,0,0,0,0,0,0,0,0,0,0,0,0,0,0,0,0
org.eclipse.search.ui.text.IEditorMatchAdapter,0,0,0,0,0,0,0,0,0,0,0,0,0,0,0,0,0,0
org.eclipse.search.ui.text.IFileMatchAdapter,0,0,0,0,0,0,0,0,0,0,0,0,0,0,0,0,0,0
org.eclipse.search.ui.text.Match,0,0,0,0,0,0,0,0,0,0,0,0,0,0,0,0,0,0
org.eclipse.search2.internal.ui.InternalSearchUI,0,0,0,0,0,0,0,0,0,0,0,0,0,0,0,0,0,0
org.eclipse.swt.SWT,0,0,0,0,0,0,0,0,0,0,0,0,0,0,0,0,0,0
org.eclipse.swt.SWTError,0,0,0,0,0,0,0,0,0,0,0,0,0,0,0,0,0,0
org.eclipse.swt.accessibility.Accessible,0,0,0,0,0,0,0,0,0,0,0,0,0,0,0,0,0,0
org.eclipse.swt.accessibility.AccessibleListener,0,0,0,0,0,0,0,0,0,0,0,0,0,0,0,0,0,0
org.eclipse.swt.browser.Browser,0,0,0,0,0,0,0,0,0,0,0,0,0,0,0,0,0,0
org.eclipse.swt.browser.LocationEvent,0,0,0,0,0,0,0,0,0,0,0,0,0,0,0,0,0,0
org.eclipse.swt.browser.LocationListener,0,0,0,0,0,0,0,0,0,0,0,0,0,0,0,0,0,0
org.eclipse.swt.custom.BusyIndicator,0,0,0,0,0,0,0,0,0,0,0,0,0,0,0,0,0,0
org.eclipse.swt.custom.CCombo,0,0,0,0,0,0,0,0,0,0,0,0,0,0,0,0,0,0
org.eclipse.swt.custom.CTabFolder,0,0,0,0,0,0,0,0,0,0,0,0,0,0,0,0,0,0
org.eclipse.swt.custom.SashForm,0,0,0,0,0,0,0,0,0,0,0,0,0,0,0,0,0,0
org.eclipse.swt.custom.ScrolledComposite,0,0,0,0,0,0,0,0,0,0,0,0,0,0,0,0,0,0
org.eclipse.swt.custom.StackLayout,0,0,0,0,0,0,0,0,0,0,0,0,0,0,0,0,0,0
org.eclipse.swt.custom.StyleRange,0,0,0,0,0,0,0,0,0,0,0,0,0,0,0,0,0,0
org.eclipse.swt.custom.StyledText,0,0,0,0,0,0,0,0,0,0,0,0,0,0,0,0,0,0
org.eclipse.swt.custom.VerifyKeyListener,0,0,0,0,0,0,0,0,0,0,0,0,0,0,0,0,0,0
org.eclipse.swt.custom.ViewForm,0,0,0,0,0,0,0,0,0,0,0,0,0,0,0,0,0,0
org.eclipse.swt.dnd.ByteArrayTransfer,0,0,0,0,0,0,0,0,0,0,0,0,0,0,0,0,0,0
org.eclipse.swt.dnd.Clipboard,0,0,0,0,0,0,0,0,0,0,0,0,0,0,0,0,0,0
org.eclipse.swt.dnd.DragSource,0,0,0,0,0,0,0,0,0,0,0,0,0,0,0,0,0,0
org.eclipse.swt.dnd.DragSourceAdapter,0,0,0,0,0,0,0,0,0,0,0,0,0,0,0,0,0,0
org.eclipse.swt.dnd.DragSourceEvent,0,0,0,0,0,0,0,0,0,0,0,0,0,0,0,0,0,0
org.eclipse.swt.dnd.DragSourceListener,0,0,0,0,0,0,0,0,0,0,0,0,0,0,0,0,0,0
org.eclipse.swt.dnd.DropTarget,0,0,0,0,0,0,0,0,0,0,0,0,0,0,0,0,0,0
org.eclipse.swt.dnd.DropTargetEvent,0,0,0,0,0,0,0,0,0,0,0,0,0,0,0,0,0,0
org.eclipse.swt.dnd.DropTargetListener,0,0,0,0,0,0,0,0,0,0,0,0,0,0,0,0,0,0
org.eclipse.swt.dnd.FileTransfer,0,0,0,0,0,0,0,0,0,0,0,0,0,0,0,0,0,0
org.eclipse.swt.dnd.RTFTransfer,0,0,0,0,0,0,0,0,0,0,0,0,0,0,0,0,0,0
org.eclipse.swt.dnd.TextTransfer,0,0,0,0,0,0,0,0,0,0,0,0,0,0,0,0,0,0
org.eclipse.swt.dnd.Transfer,0,0,0,0,0,0,0,0,0,0,0,0,0,0,0,0,0,0
org.eclipse.swt.dnd.TransferData,0,0,0,0,0,0,0,0,0,0,0,0,0,0,0,0,0,0
org.eclipse.swt.events.ControlListener,0,0,0,0,0,0,0,0,0,0,0,0,0,0,0,0,0,0
org.eclipse.swt.events.DisposeEvent,0,0,0,0,0,0,0,0,0,0,0,0,0,0,0,0,0,0
org.eclipse.swt.events.DisposeListener,0,0,0,0,0,0,0,0,0,0,0,0,0,0,0,0,0,0
org.eclipse.swt.events.FocusAdapter,0,0,0,0,0,0,0,0,0,0,0,0,0,0,0,0,0,0
org.eclipse.swt.events.FocusEvent,0,0,0,0,0,0,0,0,0,0,0,0,0,0,0,0,0,0
org.eclipse.swt.events.FocusListener,0,0,0,0,0,0,0,0,0,0,0,0,0,0,0,0,0,0
org.eclipse.swt.events.KeyEvent,0,0,0,0,0,0,0,0,0,0,0,0,0,0,0,0,0,0
org.eclipse.swt.events.KeyListener,0,0,0,0,0,0,0,0,0,0,0,0,0,0,0,0,0,0
org.eclipse.swt.events.MenuDetectListener,0,0,0,0,0,0,0,0,0,0,0,0,0,0,0,0,0,0
org.eclipse.swt.events.ModifyEvent,0,0,0,0,0,0,0,0,0,0,0,0,0,0,0,0,0,0
org.eclipse.swt.events.ModifyListener,0,0,0,0,0,0,0,0,0,0,0,0,0,0,0,0,0,0
org.eclipse.swt.events.MouseEvent,0,0,0,0,0,0,0,0,0,0,0,0,0,0,0,0,0,0
org.eclipse.swt.events.MouseListener,0,0,0,0,0,0,0,0,0,0,0,0,0,0,0,0,0,0
org.eclipse.swt.events.MouseMoveListener,0,0,0,0,0,0,0,0,0,0,0,0,0,0,0,0,0,0
org.eclipse.swt.events.MouseTrackListener,0,0,0,0,0,0,0,0,0,0,0,0,0,0,0,0,0,0
org.eclipse.swt.events.PaintEvent,0,0,0,0,0,0,0,0,0,0,0,0,0,0,0,0,0,0
org.eclipse.swt.events.PaintListener,0,0,0,0,0,0,0,0,0,0,0,0,0,0,0,0,0,0
org.eclipse.swt.events.SelectionAdapter,0,0,0,0,0,0,0,0,0,0,0,0,0,0,0,0,0,0
org.eclipse.swt.events.SelectionEvent,0,0,0,0,0,0,0,0,0,0,0,0,0,0,0,0,0,0
org.eclipse.swt.events.SelectionListener,0,0,0,0,0,0,0,0,0,0,0,0,0,0,0,0,0,0
org.eclipse.swt.events.ShellEvent,0,0,0,0,0,0,0,0,0,0,0,0,0,0,0,0,0,0
org.eclipse.swt.events.ShellListener,0,0,0,0,0,0,0,0,0,0,0,0,0,0,0,0,0,0
org.eclipse.swt.events.TraverseListener,0,0,0,0,0,0,0,0,0,0,0,0,0,0,0,0,0,0
org.eclipse.swt.events.VerifyEvent,0,0,0,0,0,0,0,0,0,0,0,0,0,0,0,0,0,0
org.eclipse.swt.graphics.Color,0,0,0,0,0,0,0,0,0,0,0,0,0,0,0,0,0,0
org.eclipse.swt.graphics.Cursor,0,0,0,0,0,0,0,0,0,0,0,0,0,0,0,0,0,0
org.eclipse.swt.graphics.Device,0,0,0,0,0,0,0,0,0,0,0,0,0,0,0,0,0,0
org.eclipse.swt.graphics.Drawable,0,0,0,0,0,0,0,0,0,0,0,0,0,0,0,0,0,0
org.eclipse.swt.graphics.Font,0,0,0,0,0,0,0,0,0,0,0,0,0,0,0,0,0,0
org.eclipse.swt.graphics.FontData,0,0,0,0,0,0,0,0,0,0,0,0,0,0,0,0,0,0
org.eclipse.swt.graphics.FontMetrics,0,0,0,0,0,0,0,0,0,0,0,0,0,0,0,0,0,0
org.eclipse.swt.graphics.GC,0,0,0,0,0,0,0,0,0,0,0,0,0,0,0,0,0,0
org.eclipse.swt.graphics.Image,0,0,0,0,0,0,0,0,0,0,0,0,0,0,0,0,0,0
org.eclipse.swt.graphics.ImageData,0,0,0,0,0,0,0,0,0,0,0,0,0,0,0,0,0,0
org.eclipse.swt.graphics.ImageLoader,0,0,0,0,0,0,0,0,0,0,0,0,0,0,0,0,0,0
org.eclipse.swt.graphics.PaletteData,0,0,0,0,0,0,0,0,0,0,0,0,0,0,0,0,0,0
org.eclipse.swt.graphics.Point,0,0,0,0,0,0,0,0,0,0,0,0,0,0,0,0,0,0
org.eclipse.swt.graphics.RGB,0,0,0,0,0,0,0,0,0,0,0,0,0,0,0,0,0,0
org.eclipse.swt.graphics.Rectangle,0,0,0,0,0,0,0,0,0,0,0,0,0,0,0,0,0,0
org.eclipse.swt.graphics.Region,0,0,0,0,0,0,0,0,0,0,0,0,0,0,0,0,0,0
org.eclipse.swt.layout.FillLayout,0,0,0,0,0,0,0,0,0,0,0,0,0,0,0,0,0,0
org.eclipse.swt.layout.GridData,0,0,0,0,0,0,0,0,0,0,0,0,0,0,0,0,0,0
org.eclipse.swt.layout.GridLayout,0,0,0,0,0,0,0,0,0,0,0,0,0,0,0,0,0,0
org.eclipse.swt.layout.RowLayout,0,0,0,0,0,0,0,0,0,0,0,0,0,0,0,0,0,0
org.eclipse.swt.widgets.Button,0,0,0,0,0,0,0,0,0,0,0,0,0,0,0,0,0,0
org.eclipse.swt.widgets.Canvas,0,0,0,0,0,0,0,0,0,0,0,0,0,0,0,0,0,0
org.eclipse.swt.widgets.Combo,0,0,0,0,0,0,0,0,0,0,0,0,0,0,0,0,0,0
org.eclipse.swt.widgets.Composite,0,0,0,0,0,0,0,0,0,0,0,0,0,0,0,0,0,0
org.eclipse.swt.widgets.Control,0,0,0,0,0,0,0,0,0,0,0,0,0,0,0,0,0,0
org.eclipse.swt.widgets.DateTime,0,0,0,0,0,0,0,0,0,0,0,0,0,0,0,0,0,0
org.eclipse.swt.widgets.DirectoryDialog,0,0,0,0,0,0,0,0,0,0,0,0,0,0,0,0,0,0
org.eclipse.swt.widgets.Display,0,0,0,0,0,0,0,0,0,0,0,0,0,0,0,0,0,0
org.eclipse.swt.widgets.Event,0,0,0,0,0,0,0,0,0,0,0,0,0,0,0,0,0,0
org.eclipse.swt.widgets.FileDialog,0,0,0,0,0,0,0,0,0,0,0,0,0,0,0,0,0,0
org.eclipse.swt.widgets.Group,0,0,0,0,0,0,0,0,0,0,0,0,0,0,0,0,0,0
org.eclipse.swt.widgets.Item,0,0,0,0,0,0,0,0,0,0,0,0,0,0,0,0,0,0
org.eclipse.swt.widgets.Label,0,0,0,0,0,0,0,0,0,0,0,0,0,0,0,0,0,0
org.eclipse.swt.widgets.Layout,0,0,0,0,0,0,0,0,0,0,0,0,0,0,0,0,0,0
org.eclipse.swt.widgets.Link,0,0,0,0,0,0,0,0,0,0,0,0,0,0,0,0,0,0
org.eclipse.swt.widgets.List,0,0,0,0,0,0,0,0,0,0,0,0,0,0,0,0,0,0
org.eclipse.swt.widgets.Listener,0,0,0,0,0,0,0,0,0,0,0,0,0,0,0,0,0,0
org.eclipse.swt.widgets.Menu,0,0,0,0,0,0,0,0,0,0,0,0,0,0,0,0,0,0
org.eclipse.swt.widgets.MenuItem,0,0,0,0,0,0,0,0,0,0,0,0,0,0,0,0,0,0
org.eclipse.swt.widgets.Monitor,0,0,0,0,0,0,0,0,0,0,0,0,0,0,0,0,0,0
org.eclipse.swt.widgets.Scale,0,0,0,0,0,0,0,0,0,0,0,0,0,0,0,0,0,0
org.eclipse.swt.widgets.ScrollBar,0,0,0,0,0,0,0,0,0,0,0,0,0,0,0,0,0,0
org.eclipse.swt.widgets.Shell,0,0,0,0,0,0,0,0,0,0,0,0,0,0,0,0,0,0
org.eclipse.swt.widgets.Spinner,0,0,0,0,0,0,0,0,0,0,0,0,0,0,0,0,0,0
org.eclipse.swt.widgets.TabFolder,0,0,0,0,0,0,0,0,0,0,0,0,0,0,0,0,0,0
org.eclipse.swt.widgets.Table,0,0,0,0,0,0,0,0,0,0,0,0,0,0,0,0,0,0
org.eclipse.swt.widgets.TableColumn,0,0,0,0,0,0,0,0,0,0,0,0,0,0,0,0,0,0
org.eclipse.swt.widgets.TableItem,0,0,0,0,0,0,0,0,0,0,0,0,0,0,0,0,0,0
org.eclipse.swt.widgets.Text,0,0,0,0,0,0,0,0,0,0,0,0,0,0,0,0,0,0
org.eclipse.swt.widgets.ToolBar,0,0,0,0,0,0,0,0,0,0,0,0,0,0,0,0,0,0
org.eclipse.swt.widgets.ToolItem,0,0,0,0,0,0,0,0,0,0,0,0,0,0,0,0,0,0
org.eclipse.swt.widgets.Tree,0,0,0,0,0,0,0,0,0,0,0,0,0,0,0,0,0,0
org.eclipse.swt.widgets.TreeColumn,0,0,0,0,0,0,0,0,0,0,0,0,0,0,0,0,0,0
org.eclipse.swt.widgets.TreeItem,0,0,0,0,0,0,0,0,0,0,0,0,0,0,0,0,0,0
org.eclipse.swt.widgets.Widget,0,0,0,0,0,0,0,0,0,0,0,0,0,0,0,0,0,0
org.eclipse.team.core.diff.IDiff,0,0,0,0,0,0,0,0,0,0,0,0,0,0,0,0,0,0
org.eclipse.team.core.diff.provider.ThreeWayDiff,0,0,0,0,0,0,0,0,0,0,0,0,0,0,0,0,0,0
org.eclipse.team.core.history.IFileRevision,0,0,0,0,0,0,0,0,0,0,0,0,0,0,0,0,0,0
org.eclipse.team.core.mapping.provider.ResourceDiff,0,0,0,0,0,0,0,0,0,0,0,0,0,0,0,0,0,0
org.eclipse.team.internal.ccvs.core.ICVSFolder,0,0,0,0,0,0,0,0,0,0,0,0,0,0,0,0,0,0
org.eclipse.team.internal.ccvs.core.ICVSResource,0,0,0,0,0,0,0,0,0,0,0,0,0,0,0,0,0,0
org.eclipse.team.internal.ccvs.core.client.listeners.LogEntry,0,0,0,0,0,0,0,0,0,0,0,0,0,0,0,0,0,0
org.eclipse.team.internal.ccvs.core.mapping.CVSActiveChangeSet,0,0,0,0,0,0,0,0,0,0,0,0,0,0,0,0,0,0
org.eclipse.team.internal.ccvs.core.mapping.ChangeSetResourceMapping,0,0,0,0,0,0,0,0,0,0,0,0,0,0,0,0,0,0
org.eclipse.team.internal.ccvs.core.resources.CVSWorkspaceRoot,0,0,0,0,0,0,0,0,0,0,0,0,0,0,0,0,0,0
org.eclipse.team.internal.ccvs.core.resources.RemoteResource,0,0,0,0,0,0,0,0,0,0,0,0,0,0,0,0,0,0
org.eclipse.team.internal.ccvs.ui.CVSUIPlugin,0,0,0,0,0,0,0,0,0,0,0,0,0,0,0,0,0,0
org.eclipse.team.internal.ccvs.ui.wizards.CommitWizard,0,0,0,0,0,0,0,0,0,0,0,0,0,0,0,0,0,0
org.eclipse.team.internal.core.subscribers.ActiveChangeSet,0,0,0,0,0,0,0,0,0,0,0,0,0,0,0,0,0,0
org.eclipse.team.internal.core.subscribers.ActiveChangeSetManager,0,0,0,0,0,0,0,0,0,0,0,0,0,0,0,0,0,0
org.eclipse.team.internal.core.subscribers.ChangeSet,0,0,0,0,0,0,0,0,0,0,0,0,0,0,0,0,0,0
org.eclipse.team.internal.core.subscribers.DiffChangeSet,0,0,0,0,0,0,0,0,0,0,0,0,0,0,0,0,0,0
org.eclipse.team.internal.core.subscribers.IChangeSetChangeListener,0,0,0,0,0,0,0,0,0,0,0,0,0,0,0,0,0,0
org.eclipse.team.internal.ui.synchronize.ChangeSetDiffNode,0,0,0,0,0,0,0,0,0,0,0,0,0,0,0,0,0,0
org.eclipse.team.internal.ui.synchronize.SynchronizeModelElement,0,0,0,0,0,0,0,0,0,0,0,0,0,0,0,0,0,0
org.eclipse.ui.ActiveShellExpression,0,0,0,0,0,0,0,0,0,0,0,0,0,0,0,0,0,0
org.eclipse.ui.IActionBars,0,0,0,0,0,0,0,0,0,0,0,0,0,0,0,0,0,0
org.eclipse.ui.IActionDelegate2,0,0,0,0,0,0,0,0,0,0,0,0,0,0,0,0,0,0
org.eclipse.ui.IActionFilter,0,0,0,0,0,0,0,0,0,0,0,0,0,0,0,0,0,0
org.eclipse.ui.IDecoratorManager,0,0,0,0,0,0,0,0,0,0,0,0,0,0,0,0,0,0
org.eclipse.ui.IEditorActionBarContributor,0,0,0,0,0,0,0,0,0,0,0,0,0,0,0,0,0,0
org.eclipse.ui.IEditorDescriptor,0,0,0,0,0,0,0,0,0,0,0,0,0,0,0,0,0,0
org.eclipse.ui.IEditorInput,0,0,0,0,0,0,0,0,0,0,0,0,0,0,0,0,0,0
org.eclipse.ui.IEditorPart,0,0,0,0,0,0,0,0,0,0,0,0,0,0,0,0,0,0
org.eclipse.ui.IEditorReference,0,0,0,0,0,0,0,0,0,0,0,0,0,0,0,0,0,0
org.eclipse.ui.IEditorRegistry,0,0,0,0,0,0,0,0,0,0,0,0,0,0,0,0,0,0
org.eclipse.ui.IEditorSite,0,0,0,0,0,0,0,0,0,0,0,0,0,0,0,0,0,0
org.eclipse.ui.IElementFactory,0,0,0,0,0,0,0,0,0,0,0,0,0,0,0,0,0,0
org.eclipse.ui.IExportWizard,0,0,0,0,0,0,0,0,0,0,0,0,0,0,0,0,0,0
org.eclipse.ui.IFileEditorInput,0,0,0,0,0,0,0,0,0,0,0,0,0,0,0,0,0,0
org.eclipse.ui.IFolderLayout,0,0,0,0,0,0,0,0,0,0,0,0,0,0,0,0,0,0
org.eclipse.ui.IImportWizard,0,0,0,0,0,0,0,0,0,0,0,0,0,0,0,0,0,0
org.eclipse.ui.IMemento,0,0,0,0,0,0,0,0,0,0,0,0,0,0,0,0,0,0
org.eclipse.ui.INewWizard,0,0,0,0,0,0,0,0,0,0,0,0,0,0,0,0,0,0
org.eclipse.ui.IObjectActionDelegate,0,0,0,0,0,0,0,0,0,0,0,0,0,0,0,0,0,0
org.eclipse.ui.IPageLayout,0,0,0,0,0,0,0,0,0,0,0,0,0,0,0,0,0,0
org.eclipse.ui.IPageListener,0,0,0,0,0,0,0,0,0,0,0,0,0,0,0,0,0,0
org.eclipse.ui.IPartListener,0,0,0,0,0,0,0,0,0,0,0,0,0,0,0,0,0,0
org.eclipse.ui.IPartService,0,0,0,0,0,0,0,0,0,0,0,0,0,0,0,0,0,0
org.eclipse.ui.IPersistableElement,0,0,0,0,0,0,0,0,0,0,0,0,0,0,0,0,0,0
org.eclipse.ui.IPerspectiveDescriptor,0,0,0,0,0,0,0,0,0,0,0,0,0,0,0,0,0,0
org.eclipse.ui.IPerspectiveFactory,0,0,0,0,0,0,0,0,0,0,0,0,0,0,0,0,0,0
org.eclipse.ui.IPerspectiveListener,0,0,0,0,0,0,0,0,0,0,0,0,0,0,0,0,0,0
org.eclipse.ui.IPerspectiveListener4,0,0,0,0,0,0,0,0,0,0,0,0,0,0,0,0,0,0
org.eclipse.ui.ISelectionListener,0,0,0,0,0,0,0,0,0,0,0,0,0,0,0,0,0,0
org.eclipse.ui.ISelectionService,0,0,0,0,0,0,0,0,0,0,0,0,0,0,0,0,0,0
org.eclipse.ui.IStartup,0,0,0,0,0,0,0,0,0,0,0,0,0,0,0,0,0,0
org.eclipse.ui.IStorageEditorInput,0,0,0,0,0,0,0,0,0,0,0,0,0,0,0,0,0,0
org.eclipse.ui.IViewActionDelegate,0,0,0,0,0,0,0,0,0,0,0,0,0,0,0,0,0,0
org.eclipse.ui.IViewPart,0,0,0,0,0,0,0,0,0,0,0,0,0,0,0,0,0,0
org.eclipse.ui.IViewReference,0,0,0,0,0,0,0,0,0,0,0,0,0,0,0,0,0,0
org.eclipse.ui.IViewSite,0,0,0,0,0,0,0,0,0,0,0,0,0,0,0,0,0,0
org.eclipse.ui.IWindowListener,0,0,0,0,0,0,0,0,0,0,0,0,0,0,0,0,0,0
org.eclipse.ui.IWorkbench,0,0,0,0,0,0,0,0,0,0,0,0,0,0,0,0,0,0
org.eclipse.ui.IWorkbenchListener,0,0,0,0,0,0,0,0,0,0,0,0,0,0,0,0,0,0
org.eclipse.ui.IWorkbenchPage,0,0,0,0,0,0,0,0,0,0,0,0,0,0,0,0,0,0
org.eclipse.ui.IWorkbenchPart,0,0,0,0,0,0,0,0,0,0,0,0,0,0,0,0,0,0
org.eclipse.ui.IWorkbenchPartReference,0,0,0,0,0,0,0,0,0,0,0,0,0,0,0,0,0,0
org.eclipse.ui.IWorkbenchPartSite,0,0,0,0,0,0,0,0,0,0,0,0,0,0,0,0,0,0
org.eclipse.ui.IWorkbenchPreferencePage,0,0,0,0,0,0,0,0,0,0,0,0,0,0,0,0,0,0
org.eclipse.ui.IWorkbenchSite,0,0,0,0,0,0,0,0,0,0,0,0,0,0,0,0,0,0
org.eclipse.ui.IWorkbenchWindow,0,0,0,0,0,0,0,0,0,0,0,0,0,0,0,0,0,0
org.eclipse.ui.IWorkbenchWindowActionDelegate,0,0,0,0,0,0,0,0,0,0,0,0,0,0,0,0,0,0
org.eclipse.ui.IWorkbenchWindowPulldownDelegate,0,0,0,0,0,0,0,0,0,0,0,0,0,0,0,0,0,0
org.eclipse.ui.IWorkingSet,0,0,0,0,0,0,0,0,0,0,0,0,0,0,0,0,0,0
org.eclipse.ui.IWorkingSetElementAdapter,0,0,0,0,0,0,0,0,0,0,0,0,0,0,0,0,0,0
org.eclipse.ui.IWorkingSetManager,0,0,0,0,0,0,0,0,0,0,0,0,0,0,0,0,0,0
org.eclipse.ui.IWorkingSetUpdater,0,0,0,0,0,0,0,0,0,0,0,0,0,0,0,0,0,0
org.eclipse.ui.PerspectiveAdapter,0,0,0,0,0,0,0,0,0,0,0,0,0,0,0,0,0,0
org.eclipse.ui.PlatformUI,0,0,0,0,0,0,0,0,0,0,0,0,0,0,0,0,0,0
org.eclipse.ui.XMLMemento,0,0,0,0,0,0,0,0,0,0,0,0,0,0,0,0,0,0
org.eclipse.ui.actions.ActionContext,0,0,0,0,0,0,0,0,0,0,0,0,0,0,0,0,0,0
org.eclipse.ui.actions.ActionDelegate,0,0,0,0,0,0,0,0,0,0,0,0,0,0,0,0,0,0
org.eclipse.ui.actions.ActionFactory,0,0,0,0,0,0,0,0,0,0,0,0,0,0,0,0,0,0
org.eclipse.ui.actions.BaseSelectionListenerAction,0,0,0,0,0,0,0,0,0,0,0,0,0,0,0,0,0,0
org.eclipse.ui.actions.CompoundContributionItem,0,0,0,0,0,0,0,0,0,0,0,0,0,0,0,0,0,0
org.eclipse.ui.activities.ActivityManagerEvent,0,0,0,0,0,0,0,0,0,0,0,0,0,0,0,0,0,0
org.eclipse.ui.activities.IActivityManager,0,0,0,0,0,0,0,0,0,0,0,0,0,0,0,0,0,0
org.eclipse.ui.activities.IActivityManagerListener,0,0,0,0,0,0,0,0,0,0,0,0,0,0,0,0,0,0
org.eclipse.ui.browser.IWebBrowser,0,0,0,0,0,0,0,0,0,0,0,0,0,0,0,0,0,0
org.eclipse.ui.browser.IWorkbenchBrowserSupport,0,0,0,0,0,0,0,0,0,0,0,0,0,0,0,0,0,0
org.eclipse.ui.commands.ICommandService,0,0,0,0,0,0,0,0,0,0,0,0,0,0,0,0,0,0
org.eclipse.ui.commands.IElementUpdater,0,0,0,0,0,0,0,0,0,0,0,0,0,0,0,0,0,0
org.eclipse.ui.contexts.IContextActivation,0,0,0,0,0,0,0,0,0,0,0,0,0,0,0,0,0,0
org.eclipse.ui.contexts.IContextService,0,0,0,0,0,0,0,0,0,0,0,0,0,0,0,0,0,0
org.eclipse.ui.dialogs.FilteredItemsSelectionDialog,0,0,0,0,0,0,0,0,0,0,0,0,0,0,0,0,0,0
org.eclipse.ui.dialogs.FilteredTree,0,0,0,0,0,0,0,0,0,0,0,0,0,0,0,0,0,0
org.eclipse.ui.dialogs.IWorkingSetEditWizard,0,0,0,0,0,0,0,0,0,0,0,0,0,0,0,0,0,0
org.eclipse.ui.dialogs.IWorkingSetNewWizard,0,0,0,0,0,0,0,0,0,0,0,0,0,0,0,0,0,0
org.eclipse.ui.dialogs.IWorkingSetPage,0,0,0,0,0,0,0,0,0,0,0,0,0,0,0,0,0,0
org.eclipse.ui.dialogs.IWorkingSetSelectionDialog,0,0,0,0,0,0,0,0,0,0,0,0,0,0,0,0,0,0
org.eclipse.ui.dialogs.PatternFilter,0,0,0,0,0,0,0,0,0,0,0,0,0,0,0,0,0,0
org.eclipse.ui.dialogs.PreferenceLinkArea,0,0,0,0,0,0,0,0,0,0,0,0,0,0,0,0,0,0
org.eclipse.ui.dialogs.PreferencesUtil,0,0,0,0,0,0,0,0,0,0,0,0,0,0,0,0,0,0
org.eclipse.ui.dialogs.PropertyPage,0,0,0,0,0,0,0,0,0,0,0,0,0,0,0,0,0,0
org.eclipse.ui.dialogs.SearchPattern,0,0,0,0,0,0,0,0,0,0,0,0,0,0,0,0,0,0
org.eclipse.ui.dialogs.SelectionDialog,0,0,0,0,0,0,0,0,0,0,0,0,0,0,0,0,0,0
org.eclipse.ui.dialogs.SelectionStatusDialog,0,0,0,0,0,0,0,0,0,0,0,0,0,0,0,0,0,0
org.eclipse.ui.editors.text.EditorsUI,0,0,0,0,0,0,0,0,0,0,0,0,0,0,0,0,0,0
org.eclipse.ui.editors.text.TextSourceViewerConfiguration,0,0,0,0,0,0,0,0,0,0,0,0,0,0,0,0,0,0
org.eclipse.ui.fieldassist.ContentAssistCommandAdapter,0,0,0,0,0,0,0,0,0,0,0,0,0,0,0,0,0,0
org.eclipse.ui.forms.AbstractFormPart,0,0,0,0,0,0,0,0,0,0,0,0,0,0,0,0,0,0
org.eclipse.ui.forms.FormColors,0,0,0,0,0,0,0,0,0,0,0,0,0,0,0,0,0,0
org.eclipse.ui.forms.HyperlinkGroup,0,0,0,0,0,0,0,0,0,0,0,0,0,0,0,0,0,0
org.eclipse.ui.forms.IFormPart,0,0,0,0,0,0,0,0,0,0,0,0,0,0,0,0,0,0
org.eclipse.ui.forms.IManagedForm,0,0,0,0,0,0,0,0,0,0,0,0,0,0,0,0,0,0
org.eclipse.ui.forms.editor.FormEditor,0,0,0,0,0,0,0,0,0,0,0,0,0,0,0,0,0,0
org.eclipse.ui.forms.editor.FormPage,0,0,0,0,0,0,0,0,0,0,0,0,0,0,0,0,0,0
org.eclipse.ui.forms.editor.IFormPage,0,0,0,0,0,0,0,0,0,0,0,0,0,0,0,0,0,0
org.eclipse.ui.forms.editor.SharedHeaderFormEditor,0,0,0,0,0,0,0,0,0,0,0,0,0,0,0,0,0,0
org.eclipse.ui.forms.events.HyperlinkAdapter,0,0,0,0,0,0,0,0,0,0,0,0,0,0,0,0,0,0
org.eclipse.ui.forms.events.HyperlinkEvent,0,0,0,0,0,0,0,0,0,0,0,0,0,0,0,0,0,0
org.eclipse.ui.forms.events.IExpansionListener,0,0,0,0,0,0,0,0,0,0,0,0,0,0,0,0,0,0
org.eclipse.ui.forms.events.IHyperlinkListener,0,0,0,0,0,0,0,0,0,0,0,0,0,0,0,0,0,0
org.eclipse.ui.forms.widgets.ExpandableComposite,0,0,0,0,0,0,0,0,0,0,0,0,0,0,0,0,0,0
org.eclipse.ui.forms.widgets.Form,0,0,0,0,0,0,0,0,0,0,0,0,0,0,0,0,0,0
org.eclipse.ui.forms.widgets.FormToolkit,0,0,0,0,0,0,0,0,0,0,0,0,0,0,0,0,0,0
org.eclipse.ui.forms.widgets.Hyperlink,0,0,0,0,0,0,0,0,0,0,0,0,0,0,0,0,0,0
org.eclipse.ui.forms.widgets.ImageHyperlink,0,0,0,0,0,0,0,0,0,0,0,0,0,0,0,0,0,0
org.eclipse.ui.forms.widgets.ScrolledForm,0,0,0,0,0,0,0,0,0,0,0,0,0,0,0,0,0,0
org.eclipse.ui.forms.widgets.Section,0,0,0,0,0,0,0,0,0,0,0,0,0,0,0,0,0,0
org.eclipse.ui.forms.widgets.TableWrapData,0,0,0,0,0,0,0,0,0,0,0,0,0,0,0,0,0,0
org.eclipse.ui.forms.widgets.TableWrapLayout,0,0,0,0,0,0,0,0,0,0,0,0,0,0,0,0,0,0
org.eclipse.ui.handlers.HandlerUtil,0,0,0,0,0,0,0,0,0,0,0,0,0,0,0,0,0,0
org.eclipse.ui.handlers.IHandlerActivation,0,0,0,0,0,0,0,0,0,0,0,0,0,0,0,0,0,0
org.eclipse.ui.handlers.IHandlerService,0,0,0,0,0,0,0,0,0,0,0,0,0,0,0,0,0,0
org.eclipse.ui.help.IWorkbenchHelpSystem,0,0,0,0,0,0,0,0,0,0,0,0,0,0,0,0,0,0
org.eclipse.ui.ide.IDE,0,0,0,0,0,0,0,0,0,0,0,0,0,0,0,0,0,0
org.eclipse.ui.internal.EditorAreaHelper,0,0,0,0,0,0,0,0,0,0,0,0,0,0,0,0,0,0
org.eclipse.ui.internal.EditorManager,0,0,0,0,0,0,0,0,0,0,0,0,0,0,0,0,0,0
org.eclipse.ui.internal.LayoutPart,0,0,0,0,0,0,0,0,0,0,0,0,0,0,0,0,0,0
org.eclipse.ui.internal.ObjectActionContributorManager,0,0,0,0,0,0,0,0,0,0,0,0,0,0,0,0,0,0
org.eclipse.ui.internal.ObjectPluginAction,0,0,0,0,0,0,0,0,0,0,0,0,0,0,0,0,0,0
org.eclipse.ui.internal.PageLayout,0,0,0,0,0,0,0,0,0,0,0,0,0,0,0,0,0,0
org.eclipse.ui.internal.Perspective,0,0,0,0,0,0,0,0,0,0,0,0,0,0,0,0,0,0
org.eclipse.ui.internal.Workbench,0,0,0,0,0,0,0,0,0,0,0,0,0,0,0,0,0,0
org.eclipse.ui.internal.WorkbenchImages,0,0,0,0,0,0,0,0,0,0,0,0,0,0,0,0,0,0
org.eclipse.ui.internal.WorkbenchMessages,0,0,0,0,0,0,0,0,0,0,0,0,0,0,0,0,0,0
org.eclipse.ui.internal.WorkbenchPage,0,0,0,0,0,0,0,0,0,0,0,0,0,0,0,0,0,0
org.eclipse.ui.internal.WorkbenchPlugin,0,0,0,0,0,0,0,0,0,0,0,0,0,0,0,0,0,0
org.eclipse.ui.internal.WorkbenchWindow,0,0,0,0,0,0,0,0,0,0,0,0,0,0,0,0,0,0
org.eclipse.ui.internal.WorkingSet,0,0,0,0,0,0,0,0,0,0,0,0,0,0,0,0,0,0
org.eclipse.ui.internal.WorkingSetComparator,0,0,0,0,0,0,0,0,0,0,0,0,0,0,0,0,0,0
org.eclipse.ui.internal.browser.BrowserViewer,0,0,0,0,0,0,0,0,0,0,0,0,0,0,0,0,0,0
org.eclipse.ui.internal.browser.WebBrowserEditor,0,0,0,0,0,0,0,0,0,0,0,0,0,0,0,0,0,0
org.eclipse.ui.internal.browser.WebBrowserPreference,0,0,0,0,0,0,0,0,0,0,0,0,0,0,0,0,0,0
org.eclipse.ui.internal.browser.WorkbenchBrowserSupport,0,0,0,0,0,0,0,0,0,0,0,0,0,0,0,0,0,0
org.eclipse.ui.internal.dialogs.DialogUtil,0,0,0,0,0,0,0,0,0,0,0,0,0,0,0,0,0,0
org.eclipse.ui.internal.dialogs.WorkingSetFilter,0,0,0,0,0,0,0,0,0,0,0,0,0,0,0,0,0,0
org.eclipse.ui.internal.dialogs.WorkingSetLabelProvider,0,0,0,0,0,0,0,0,0,0,0,0,0,0,0,0,0,0
org.eclipse.ui.internal.forms.widgets.FormUtil,0,0,0,0,0,0,0,0,0,0,0,0,0,0,0,0,0,0
org.eclipse.ui.internal.help.WorkbenchHelpSystem,0,0,0,0,0,0,0,0,0,0,0,0,0,0,0,0,0,0
org.eclipse.ui.internal.ide.IDEWorkbenchMessages,0,0,0,0,0,0,0,0,0,0,0,0,0,0,0,0,0,0
org.eclipse.ui.internal.layout.ITrimManager,0,0,0,0,0,0,0,0,0,0,0,0,0,0,0,0,0,0
org.eclipse.ui.internal.layout.IWindowTrim,0,0,0,0,0,0,0,0,0,0,0,0,0,0,0,0,0,0
org.eclipse.ui.internal.misc.StringMatcher,0,0,0,0,0,0,0,0,0,0,0,0,0,0,0,0,0,0
org.eclipse.ui.internal.navigator.actions.LinkEditorAction,0,0,0,0,0,0,0,0,0,0,0,0,0,0,0,0,0,0
org.eclipse.ui.internal.navigator.extensions.LinkHelperService,0,0,0,0,0,0,0,0,0,0,0,0,0,0,0,0,0,0
org.eclipse.ui.internal.navigator.filters.SelectFiltersAction,0,0,0,0,0,0,0,0,0,0,0,0,0,0,0,0,0,0
org.eclipse.ui.internal.registry.IActionSetDescriptor,0,0,0,0,0,0,0,0,0,0,0,0,0,0,0,0,0,0
org.eclipse.ui.internal.registry.PerspectiveDescriptor,0,0,0,0,0,0,0,0,0,0,0,0,0,0,0,0,0,0
org.eclipse.ui.internal.registry.WorkingSetRegistry,0,0,0,0,0,0,0,0,0,0,0,0,0,0,0,0,0,0
org.eclipse.ui.intro.IIntroManager,0,0,0,0,0,0,0,0,0,0,0,0,0,0,0,0,0,0
org.eclipse.ui.intro.IIntroPart,0,0,0,0,0,0,0,0,0,0,0,0,0,0,0,0,0,0
org.eclipse.ui.keys.IBindingService,0,0,0,0,0,0,0,0,0,0,0,0,0,0,0,0,0,0
org.eclipse.ui.menus.UIElement,0,0,0,0,0,0,0,0,0,0,0,0,0,0,0,0,0,0
org.eclipse.ui.menus.WorkbenchWindowControlContribution,0,0,0,0,0,0,0,0,0,0,0,0,0,0,0,0,0,0
org.eclipse.ui.model.IWorkbenchAdapter,0,0,0,0,0,0,0,0,0,0,0,0,0,0,0,0,0,0
org.eclipse.ui.model.WorkbenchContentProvider,0,0,0,0,0,0,0,0,0,0,0,0,0,0,0,0,0,0
org.eclipse.ui.model.WorkbenchLabelProvider,0,0,0,0,0,0,0,0,0,0,0,0,0,0,0,0,0,0
org.eclipse.ui.navigator.CommonActionProvider,0,0,0,0,0,0,0,0,0,0,0,0,0,0,0,0,0,0
org.eclipse.ui.navigator.CommonNavigator,0,0,0,0,0,0,0,0,0,0,0,0,0,0,0,0,0,0
org.eclipse.ui.navigator.CommonViewer,0,0,0,0,0,0,0,0,0,0,0,0,0,0,0,0,0,0
org.eclipse.ui.navigator.ILinkHelper,0,0,0,0,0,0,0,0,0,0,0,0,0,0,0,0,0,0
org.eclipse.ui.navigator.INavigatorContentExtension,0,0,0,0,0,0,0,0,0,0,0,0,0,0,0,0,0,0
org.eclipse.ui.navigator.INavigatorContentService,0,0,0,0,0,0,0,0,0,0,0,0,0,0,0,0,0,0
org.eclipse.ui.part.DrillDownAdapter,0,0,0,0,0,0,0,0,0,0,0,0,0,0,0,0,0,0
org.eclipse.ui.part.EditorPart,0,0,0,0,0,0,0,0,0,0,0,0,0,0,0,0,0,0
org.eclipse.ui.part.FileEditorInput,0,0,0,0,0,0,0,0,0,0,0,0,0,0,0,0,0,0
org.eclipse.ui.part.IPageSite,0,0,0,0,0,0,0,0,0,0,0,0,0,0,0,0,0,0
org.eclipse.ui.part.IShowInTargetList,0,0,0,0,0,0,0,0,0,0,0,0,0,0,0,0,0,0
org.eclipse.ui.part.MultiPageEditorActionBarContributor,0,0,0,0,0,0,0,0,0,0,0,0,0,0,0,0,0,0
org.eclipse.ui.part.ViewPart,0,0,0,0,0,0,0,0,0,0,0,0,0,0,0,0,0,0
org.eclipse.ui.part.WorkbenchPart,0,0,0,0,0,0,0,0,0,0,0,0,0,0,0,0,0,0
org.eclipse.ui.plugin.AbstractUIPlugin,0,0,0,0,0,0,0,0,0,0,0,0,0,0,0,0,0,0
org.eclipse.ui.preferences.IWorkbenchPreferenceContainer,0,0,0,0,0,0,0,0,0,0,0,0,0,0,0,0,0,0
org.eclipse.ui.preferences.ScopedPreferenceStore,0,0,0,0,0,0,0,0,0,0,0,0,0,0,0,0,0,0
org.eclipse.ui.progress.IProgressConstants,0,0,0,0,0,0,0,0,0,0,0,0,0,0,0,0,0,0
org.eclipse.ui.progress.IProgressService,0,0,0,0,0,0,0,0,0,0,0,0,0,0,0,0,0,0
org.eclipse.ui.progress.IWorkbenchSiteProgressService,0,0,0,0,0,0,0,0,0,0,0,0,0,0,0,0,0,0
org.eclipse.ui.progress.UIJob,0,0,0,0,0,0,0,0,0,0,0,0,0,0,0,0,0,0
org.eclipse.ui.progress.WorkbenchJob,0,0,0,0,0,0,0,0,0,0,0,0,0,0,0,0,0,0
org.eclipse.ui.texteditor.AbstractTextEditor,0,0,0,0,0,0,0,0,0,0,0,0,0,0,0,0,0,0
org.eclipse.ui.texteditor.AnnotationPreference,0,0,0,0,0,0,0,0,0,0,0,0,0,0,0,0,0,0
org.eclipse.ui.texteditor.DefaultMarkerAnnotationAccess,0,0,0,0,0,0,0,0,0,0,0,0,0,0,0,0,0,0
org.eclipse.ui.texteditor.IDocumentProvider,0,0,0,0,0,0,0,0,0,0,0,0,0,0,0,0,0,0
org.eclipse.ui.texteditor.ITextEditor,0,0,0,0,0,0,0,0,0,0,0,0,0,0,0,0,0,0
org.eclipse.ui.texteditor.MarkerAnnotationPreferences,0,0,0,0,0,0,0,0,0,0,0,0,0,0,0,0,0,0
org.eclipse.ui.texteditor.SourceViewerDecorationSupport,0,0,0,0,0,0,0,0,0,0,0,0,0,0,0,0,0,0
org.eclipse.ui.texteditor.spelling.ISpellingProblemCollector,0,0,0,0,0,0,0,0,0,0,0,0,0,0,0,0,0,0
org.eclipse.ui.texteditor.spelling.SpellingContext,0,0,0,0,0,0,0,0,0,0,0,0,0,0,0,0,0,0
org.eclipse.ui.texteditor.spelling.SpellingProblem,0,0,0,0,0,0,0,0,0,0,0,0,0,0,0,0,0,0
org.eclipse.ui.texteditor.spelling.SpellingService,0,0,0,0,0,0,0,0,0,0,0,0,0,0,0,0,0,0
org.eclipse.ui.themes.ITheme,0,0,0,0,0,0,0,0,0,0,0,0,0,0,0,0,0,0
org.eclipse.ui.themes.IThemeManager,0,0,0,0,0,0,0,0,0,0,0,0,0,0,0,0,0,0
org.eclipse.ui.views.contentoutline.ContentOutlinePage,0,0,0,0,0,0,0,0,0,0,0,0,0,0,0,0,0,0
org.eclipse.ui.views.markers.internal.BookmarkView,0,0,0,0,0,0,0,0,0,0,0,0,0,0,0,0,0,0
org.eclipse.ui.views.markers.internal.ConcreteMarker,0,0,0,0,0,0,0,0,0,0,0,0,0,0,0,0,0,0
org.eclipse.ui.views.markers.internal.ProblemMarker,0,0,0,0,0,0,0,0,0,0,0,0,0,0,0,0,0,0
org.eclipse.ui.views.markers.internal.TableViewLabelProvider,0,0,0,0,0,0,0,0,0,0,0,0,0,0,0,0,0,0
org.eclipse.ui.views.markers.internal.TaskView,0,0,0,0,0,0,0,0,0,0,0,0,0,0,0,0,0,0
org.eclipse.ui.views.navigator.FilterSelectionAction,0,0,0,0,0,0,0,0,0,0,0,0,0,0,0,0,0,0
org.eclipse.ui.views.navigator.IResourceNavigator,0,0,0,0,0,0,0,0,0,0,0,0,0,0,0,0,0,0
org.eclipse.ui.views.navigator.ResourceComparator,0,0,0,0,0,0,0,0,0,0,0,0,0,0,0,0,0,0
org.eclipse.ui.views.navigator.ResourceNavigator,0,0,0,0,0,0,0,0,0,0,0,0,0,0,0,0,0,0
org.eclipse.ui.views.navigator.ToggleLinkingAction,0,0,0,0,0,0,0,0,0,0,0,0,0,0,0,0,0,0
org.osgi.framework.Bundle,0,0,0,0,0,0,0,0,0,0,0,0,0,0,0,0,0,0
org.osgi.framework.BundleContext,0,0,0,0,0,0,0,0,0,0,0,0,0,0,0,0,0,0
org.osgi.framework.ServiceReference,0,0,0,0,0,0,0,0,0,0,0,0,0,0,0,0,0,0
org.osgi.service.prefs.Preferences,0,0,0,0,0,0,0,0,0,0,0,0,0,0,0,0,0,0
org.osgi.util.tracker.ServiceTracker,0,0,0,0,0,0,0,0,0,0,0,0,0,0,0,0,0,0
org.w3c.dom.Document,0,0,0,0,0,0,0,0,0,0,0,0,0,0,0,0,0,0
org.w3c.dom.Element,0,0,0,0,0,0,0,0,0,0,0,0,0,0,0,0,0,0
org.w3c.dom.Node,0,0,0,0,0,0,0,0,0,0,0,0,0,0,0,0,0,0
org.w3c.dom.NodeList,0,0,0,0,0,0,0,0,0,0,0,0,0,0,0,0,0,0
org.xml.sax.Attributes,0,0,0,0,0,0,0,0,0,0,0,0,0,0,0,0,0,0
org.xml.sax.ContentHandler,0,0,0,0,0,0,0,0,0,0,0,0,0,0,0,0,0,0
org.xml.sax.DTDHandler,0,0,0,0,0,0,0,0,0,0,0,0,0,0,0,0,0,0
org.xml.sax.EntityResolver,0,0,0,0,0,0,0,0,0,0,0,0,0,0,0,0,0,0
org.xml.sax.ErrorHandler,0,0,0,0,0,0,0,0,0,0,0,0,0,0,0,0,0,0
org.xml.sax.InputSource,0,0,0,0,0,0,0,0,0,0,0,0,0,0,0,0,0,0
org.xml.sax.SAXException,0,0,0,0,0,0,0,0,0,0,0,0,0,0,0,0,0,0
org.xml.sax.SAXParseException,0,0,0,0,0,0,0,0,0,0,0,0,0,0,0,0,0,0
org.xml.sax.XMLReader,0,0,0,0,0,0,0,0,0,0,0,0,0,0,0,0,0,0
org.xml.sax.helpers.AttributesImpl,0,0,0,0,0,0,0,0,0,0,0,0,0,0,0,0,0,0
org.xml.sax.helpers.DefaultHandler,0,0,0,0,0,0,0,0,0,0,0,0,0,0,0,0,0,0
org.xml.sax.helpers.XMLReaderFactory,0,0,0,0,0,0,0,0,0,0,0,0,0,0,0,0,0,0
