
###### Results #####
2006/04/06 Heure  11:44:08
Designator : 0.22988505747126436 %
Taxonormy : 2.8735632183908044 %
Joiner : 0.11494252873563218 %
Pool : 4.597701149425287 %
Sink : 9.655172413793103 %
Record : 2.2988505747126435 %
DataManager : 4.367816091954023 %
Function Pointer : 1.839080459770115 %
Function Object : 4.367816091954023 %
Cobol Like : 1.6091954022988506 %
State Less : 16.20689655172414 %
Common State : 7.241379310344827 %
Canopy : 12.528735632183908 %
Immutable : 26.896551724137932 %
Box : 5.287356321839081 %
Compound Box : 1.264367816091954 %
Implementor : 7.816091954022989 %
Overrider : 10.0 %
Extender : 43.9080459770115 %
Outline : 2.7586206896551726 %
Trait : 1.1494252873563218 %
State Machine : 4.367816091954023 %
PureType : 9.080459770114942 %
AugmentedType : 0.11494252873563218 %
PseudoClass : 0.45977011494252873 %
Sampler : 2.1839080459770117 %
Restricted Creation : 1.1494252873563218 %

Nb Class : 870.0
