
###### Results #####
2006/04/06 Heure  12:03:28
Designator : 0.6479981485767183 %
Taxonormy : 5.785697755149271 %
Joiner : 0.1388567461235825 %
Pool : 5.693126591066883 %
Sink : 11.33996760009257 %
Record : 4.790557741263596 %
DataManager : 5.276556352696135 %
Function Pointer : 4.651700995140014 %
Function Object : 6.10969682943763 %
Cobol Like : 0.11571395510298542 %
State Less : 23.65193242305022 %
Common State : 9.673686646609582 %
Canopy : 9.025688498032864 %
Immutable : 20.6433695903726 %
Box : 3.795417727377922 %
Compound Box : 0.7637121036797038 %
Implementor : 10.691969451515853 %
Overrider : 13.399676000925712 %
Extender : 48.18329090488313 %
Outline : 1.8745660726683637 %
Trait : 1.2728535061328397 %
State Machine : 5.438555889840314 %
PureType : 16.801666280953484 %
AugmentedType : 0.5322841934737329 %
PseudoClass : 0.9951400138856746 %
Sampler : 0.7637121036797038 %
Restricted Creation : 1.11085396898866 %

Nb Class : 4321.0
