
###### Results #####
2006/04/17 Heure  03:18:51
Designator : 0.46896982960762856 %
Taxonormy : 5.830858214788182 %
Joiner : 0.03126465530717524 %
Pool : 5.049241832108801 %

Sink : 11.208378927622324 %
Record : 4.423948725965296 %
DataManager : 5.377520712834141 %

Function Pointer : 2.62623104580272 %
Function Object : 5.096138815069564 %
Cobol Like : 0.859778020947319 %

State Less : 20.90042207284665 %
Common State :1 10.161012974831953 %
Canopy : 12.161950914491168 %
Immutable : 26.48116304517743 %

Box : 2.454275441613256 %
Compound Box : 0.7972487103329686 %

Implementor : 8.332030639362202 %
Overrider : 11.192746599968736 %
Extender : 40.081288103798656 %

Outline : 2.219790526809442 %
Trait : 1.6413944036267 %
State Machine : 4.627168985461935 %
PureType : 16.664061278724404 %
AugmentedType : 0.35954353603251527 %
PseudoClass : 1.891511646084102 %

Sampler : 1.2349538846334218 %
Restricted Creation : 1.891511646084102 %

Combined total : 204.06440518993276 %
Coverage : 88.0 %


Nb Class : 6397.0
