
###### Results #####
2006/04/17 Heure  02:51:25
Designator : 0.06724949562878278 %
Taxonormy : 3.0262273032952254 %
Joiner : 0.3362474781439139 %
Pool : 3.160726294552791 %

Sink : 7.397444519166107 %
Record : 1.8829858776059178 %
DataManager : 2.488231338264963 %

Function Pointer : 1.3449899125756557 %
Function Object : 2.2864828513786146 %
Cobol Like : 0.3362474781439139 %

State Less : 19.83860121049092 %
Common State :1 7.262945527908541 %
Canopy : 6.388702084734365 %
Immutable : 11.83591123066577 %

Box : 4.303967720242098 %
Compound Box : 1.0087424344317417 %

Implementor : 6.7921990585070615 %
Overrider : 7.599193006052454 %
Extender : 34.364492266308005 %

Outline : 1.1432414256893073 %
Trait : 0.6724949562878278 %
State Machine : 5.379959650302623 %
PureType : 21.856086079354405 %
AugmentedType : 2.151983860121049 %
PseudoClass : 0.47074646940147946 %

Sampler : 0.5379959650302623 %
Restricted Creation : 0.13449899125756556 %

Combined total : 154.06859448554138 %
Coverage : 78.0 %


Nb Class : 1487.0
